   0.200000   0.480000   0.850000    1.00000    1.00000    1.00000    1.20000
    7.50000    1.98700    1.90000  0.  0.  0.  0.  0.    1.00000  0.    1.00000
  0.  0.  0.  0.  0.  0.    4.00000  0.    2.00000    1.00000    8.00000E-02
    2.00000
     0.0000E+00     0.0000E+00     0.7046E-04    -0.1941E-04     0.3163E-04    -0.1941E-04     0.2818E-03     0.1587E-02
     0.0000E+00     0.0000E+00     0.6989E-04    -0.1815E-04     0.3360E-04    -0.1815E-04     0.4710E-03     0.2351E-02
     0.0000E+00     0.0000E+00     0.6919E-04    -0.1670E-04     0.3579E-04    -0.1670E-04     0.7175E-03     0.3348E-02
     0.0000E+00     0.0000E+00     0.6833E-04    -0.1507E-04     0.3820E-04    -0.1507E-04     0.1033E-02     0.4635E-02
     0.0000E+00     0.0000E+00     0.6730E-04    -0.1322E-04     0.4085E-04    -0.1322E-04     0.1429E-02     0.6264E-02
     0.0000E+00     0.0000E+00     0.6607E-04    -0.1115E-04     0.4378E-04    -0.1115E-04     0.1920E-02     0.8299E-02
     0.0000E+00     0.0000E+00     0.6463E-04    -0.8819E-05     0.4699E-04    -0.8819E-05     0.2521E-02     0.1081E-01
     0.0000E+00     0.0000E+00     0.6295E-04    -0.6218E-05     0.5052E-04    -0.6218E-05     0.3249E-02     0.1387E-01
     0.0000E+00     0.0000E+00     0.6102E-04    -0.3316E-05     0.5439E-04    -0.3316E-05     0.4126E-02     0.1757E-01
     0.0000E+00     0.0000E+00     0.5879E-04    -0.8646E-07     0.5862E-04    -0.8646E-07     0.5172E-02     0.2200E-01
     0.0000E+00     0.0000E+00     0.5624E-04     0.3500E-05     0.6325E-04     0.3500E-05     0.6413E-02     0.2726E-01
     0.0000E+00     0.0000E+00     0.5335E-04     0.7477E-05     0.6830E-04     0.7477E-05     0.7877E-02     0.3346E-01
     0.0000E+00     0.0000E+00     0.5007E-04     0.1188E-04     0.7383E-04     0.1188E-04     0.9594E-02     0.4073E-01
     0.0000E+00     0.0000E+00     0.4636E-04     0.1675E-04     0.7986E-04     0.1675E-04     0.1160E-01     0.4919E-01
     0.0000E+00     0.0000E+00     0.4220E-04     0.2212E-04     0.8643E-04     0.2212E-04     0.1393E-01     0.5898E-01
     0.0000E+00     0.0000E+00     0.3752E-04     0.2804E-04     0.9361E-04     0.2804E-04     0.1663E-01     0.7026E-01
     0.0000E+00     0.0000E+00     0.3228E-04     0.3457E-04     0.1014E-03     0.3457E-04     0.1974E-01     0.8319E-01
     0.0000E+00     0.0000E+00     0.2644E-04     0.4175E-04     0.1099E-03     0.4175E-04     0.2331E-01     0.9795E-01
     0.0000E+00     0.0000E+00     0.1992E-04     0.4964E-04     0.1192E-03     0.4964E-04     0.2740E-01     0.1147E+00
     0.0000E+00     0.0000E+00     0.0000E+00     0.0000E+00     0.0000E+00     0.0000E+00     0.0000E+00     0.0000E+00
     0.0000E+00     0.0000E+00     0.8644E-04    -0.1332E-04     0.5980E-04    -0.1332E-04     0.3458E-03     0.1536E-02
     0.0000E+00     0.0000E+00     0.8349E-04    -0.8330E-05     0.6683E-04    -0.8330E-05     0.5160E-03     0.2121E-02
     0.0000E+00     0.0000E+00     0.7998E-04    -0.2714E-05     0.7455E-04    -0.2714E-05     0.7238E-03     0.2849E-02
     0.0000E+00     0.0000E+00     0.7586E-04     0.3591E-05     0.8305E-04     0.3591E-05     0.9745E-03     0.3743E-02
     0.0000E+00     0.0000E+00     0.7107E-04     0.1064E-04     0.9236E-04     0.1064E-04     0.1273E-02     0.4826E-02
     0.0000E+00     0.0000E+00     0.6553E-04     0.1851E-04     0.1026E-03     0.1851E-04     0.1627E-02     0.6122E-02
     0.0000E+00     0.0000E+00     0.5919E-04     0.2727E-04     0.1137E-03     0.2727E-04     0.2041E-02     0.7658E-02
     0.0000E+00     0.0000E+00     0.5194E-04     0.3699E-04     0.1259E-03     0.3699E-04     0.2522E-02     0.9460E-02
     0.0000E+00     0.0000E+00     0.4373E-04     0.4776E-04     0.1393E-03     0.4776E-04     0.3079E-02     0.1156E-01
     0.0000E+00     0.0000E+00     0.3444E-04     0.5968E-04     0.1538E-03     0.5968E-04     0.3719E-02     0.1398E-01
     0.0000E+00     0.0000E+00     0.2398E-04     0.7284E-04     0.1697E-03     0.7284E-04     0.4451E-02     0.1676E-01
     0.0000E+00     0.0000E+00     0.1224E-04     0.8735E-04     0.1869E-03     0.8735E-04     0.5284E-02     0.1993E-01
     0.0000E+00     0.0000E+00    -0.8887E-06     0.1033E-03     0.2058E-03     0.1033E-03     0.6227E-02     0.2353E-01
     0.0000E+00     0.0000E+00    -0.1555E-04     0.1209E-03     0.2263E-03     0.1209E-03     0.7292E-02     0.2758E-01
     0.0000E+00     0.0000E+00    -0.3187E-04     0.1402E-03     0.2486E-03     0.1402E-03     0.8489E-02     0.3213E-01
     0.0000E+00     0.0000E+00    -0.5001E-04     0.1614E-03     0.2729E-03     0.1614E-03     0.9830E-02     0.3721E-01
     0.0000E+00     0.0000E+00    -0.7012E-04     0.1847E-03     0.2993E-03     0.1847E-03     0.1133E-01     0.4287E-01
     0.0000E+00     0.0000E+00    -0.9240E-04     0.2102E-03     0.3280E-03     0.2102E-03     0.1299E-01     0.4915E-01
     0.0000E+00     0.0000E+00    -0.1170E-03     0.2381E-03     0.3592E-03     0.2381E-03     0.1484E-01     0.5608E-01
     0.0000E+00     0.0000E+00     0.0000E+00     0.0000E+00     0.0000E+00     0.0000E+00     0.0000E+00     0.0000E+00
     0.0000E+00     0.0000E+00     0.9767E-04    -0.1471E-05     0.9472E-04    -0.1471E-05     0.3907E-03     0.1317E-02
     0.0000E+00     0.0000E+00     0.9108E-04     0.8666E-05     0.1084E-03     0.8666E-05     0.5631E-03     0.1782E-02
     0.0000E+00     0.0000E+00     0.8336E-04     0.2002E-04     0.1234E-03     0.2002E-04     0.7670E-03     0.2352E-02
     0.0000E+00     0.0000E+00     0.7440E-04     0.3269E-04     0.1398E-03     0.3269E-04     0.1006E-02     0.3044E-02
     0.0000E+00     0.0000E+00     0.6409E-04     0.4681E-04     0.1577E-03     0.4681E-04     0.1286E-02     0.3872E-02
     0.0000E+00     0.0000E+00     0.5230E-04     0.6248E-04     0.1773E-03     0.6248E-04     0.1609E-02     0.4853E-02
     0.0000E+00     0.0000E+00     0.3889E-04     0.7985E-04     0.1986E-03     0.7985E-04     0.1982E-02     0.6003E-02
     0.0000E+00     0.0000E+00     0.2372E-04     0.9906E-04     0.2218E-03     0.9906E-04     0.2410E-02     0.7340E-02
     0.0000E+00     0.0000E+00     0.6630E-05     0.1203E-03     0.2472E-03     0.1203E-03     0.2898E-02     0.8883E-02
     0.0000E+00     0.0000E+00    -0.1255E-04     0.1436E-03     0.2747E-03     0.1436E-03     0.3453E-02     0.1065E-01
     0.0000E+00     0.0000E+00    -0.3400E-04     0.1694E-03     0.3047E-03     0.1694E-03     0.4082E-02     0.1267E-01
     0.0000E+00     0.0000E+00    -0.5792E-04     0.1976E-03     0.3373E-03     0.1976E-03     0.4793E-02     0.1496E-01
     0.0000E+00     0.0000E+00    -0.8455E-04     0.2286E-03     0.3728E-03     0.2286E-03     0.5593E-02     0.1754E-01
     0.0000E+00     0.0000E+00    -0.1141E-03     0.2627E-03     0.4113E-03     0.2627E-03     0.6491E-02     0.2044E-01
     0.0000E+00     0.0000E+00    -0.1468E-03     0.3000E-03     0.4531E-03     0.3000E-03     0.7497E-02     0.2369E-01
     0.0000E+00     0.0000E+00    -0.1831E-03     0.3408E-03     0.4985E-03     0.3408E-03     0.8621E-02     0.2732E-01
     0.0000E+00     0.0000E+00    -0.2230E-03     0.3854E-03     0.5479E-03     0.3854E-03     0.9874E-02     0.3134E-01
     0.0000E+00     0.0000E+00    -0.2671E-03     0.4342E-03     0.6014E-03     0.4342E-03     0.1127E-01     0.3581E-01
     0.0000E+00     0.0000E+00    -0.3156E-03     0.4876E-03     0.6595E-03     0.4876E-03     0.1281E-01     0.4075E-01
     0.0000E+00     0.0000E+00     0.0000E+00     0.0000E+00     0.0000E+00     0.0000E+00     0.0000E+00     0.0000E+00
     0.0000E+00     0.0000E+00     0.1161E-03     0.1080E-04     0.1377E-03     0.1080E-04     0.4642E-03     0.1155E-02
     0.0000E+00     0.0000E+00     0.1047E-03     0.2719E-04     0.1591E-03     0.2719E-04     0.6584E-03     0.1543E-02
     0.0000E+00     0.0000E+00     0.9152E-04     0.4545E-04     0.1824E-03     0.4545E-04     0.8823E-03     0.2014E-02
     0.0000E+00     0.0000E+00     0.7636E-04     0.6577E-04     0.2079E-03     0.6577E-04     0.1140E-02     0.2580E-02
     0.0000E+00     0.0000E+00     0.5906E-04     0.8831E-04     0.2357E-03     0.8831E-04     0.1434E-02     0.3252E-02
     0.0000E+00     0.0000E+00     0.3943E-04     0.1132E-03     0.2659E-03     0.1132E-03     0.1769E-02     0.4039E-02
     0.0000E+00     0.0000E+00     0.1725E-04     0.1408E-03     0.2989E-03     0.1408E-03     0.2149E-02     0.4953E-02
     0.0000E+00     0.0000E+00    -0.7685E-05     0.1712E-03     0.3346E-03     0.1712E-03     0.2578E-02     0.6007E-02
     0.0000E+00     0.0000E+00    -0.3561E-04     0.2046E-03     0.3736E-03     0.2046E-03     0.3061E-02     0.7212E-02
     0.0000E+00     0.0000E+00    -0.6680E-04     0.2413E-03     0.4158E-03     0.2413E-03     0.3603E-02     0.8581E-02
     0.0000E+00     0.0000E+00    -0.1015E-03     0.2816E-03     0.4618E-03     0.2816E-03     0.4210E-02     0.1013E-01
     0.0000E+00     0.0000E+00    -0.1401E-03     0.3258E-03     0.5116E-03     0.3258E-03     0.4889E-02     0.1187E-01
     0.0000E+00     0.0000E+00    -0.1828E-03     0.3742E-03     0.5657E-03     0.3742E-03     0.5644E-02     0.1382E-01
     0.0000E+00     0.0000E+00    -0.2300E-03     0.4272E-03     0.6244E-03     0.4272E-03     0.6483E-02     0.1599E-01
     0.0000E+00     0.0000E+00    -0.2821E-03     0.4851E-03     0.6881E-03     0.4851E-03     0.7415E-02     0.1840E-01
     0.0000E+00     0.0000E+00    -0.3395E-03     0.5484E-03     0.7572E-03     0.5484E-03     0.8446E-02     0.2108E-01
     0.0000E+00     0.0000E+00    -0.4028E-03     0.6174E-03     0.8321E-03     0.6174E-03     0.9585E-02     0.2403E-01
     0.0000E+00     0.0000E+00    -0.4722E-03     0.6927E-03     0.9133E-03     0.6927E-03     0.1084E-01     0.2728E-01
     0.0000E+00     0.0000E+00    -0.5485E-03     0.7749E-03     0.1001E-02     0.7749E-03     0.1223E-01     0.3085E-01
     0.0000E+00     0.0000E+00     0.0000E+00     0.0000E+00     0.0000E+00     0.0000E+00     0.0000E+00     0.0000E+00
     0.0000E+00     0.0000E+00     0.1386E-03     0.2317E-04     0.1850E-03     0.2317E-04     0.5544E-03     0.1024E-02
     0.0000E+00     0.0000E+00     0.1214E-03     0.4659E-04     0.2146E-03     0.4659E-04     0.7810E-03     0.1353E-02
     0.0000E+00     0.0000E+00     0.1017E-03     0.7259E-04     0.2469E-03     0.7259E-04     0.1038E-02     0.1751E-02
     0.0000E+00     0.0000E+00     0.7926E-04     0.1014E-03     0.2821E-03     0.1014E-03     0.1328E-02     0.2226E-02
     0.0000E+00     0.0000E+00     0.5382E-04     0.1332E-03     0.3203E-03     0.1332E-03     0.1656E-02     0.2786E-02
     0.0000E+00     0.0000E+00     0.2514E-04     0.1684E-03     0.3619E-03     0.1684E-03     0.2023E-02     0.3437E-02
     0.0000E+00     0.0000E+00    -0.7055E-05     0.2071E-03     0.4071E-03     0.2071E-03     0.2435E-02     0.4188E-02
     0.0000E+00     0.0000E+00    -0.4305E-04     0.2496E-03     0.4561E-03     0.2496E-03     0.2894E-02     0.5047E-02
     0.0000E+00     0.0000E+00    -0.8316E-04     0.2962E-03     0.5093E-03     0.2962E-03     0.3407E-02     0.6023E-02
     0.0000E+00     0.0000E+00    -0.1277E-03     0.3474E-03     0.5671E-03     0.3474E-03     0.3977E-02     0.7125E-02
     0.0000E+00     0.0000E+00    -0.1772E-03     0.4034E-03     0.6297E-03     0.4034E-03     0.4609E-02     0.8363E-02
     0.0000E+00     0.0000E+00    -0.2318E-03     0.4647E-03     0.6976E-03     0.4647E-03     0.5308E-02     0.9746E-02
     0.0000E+00     0.0000E+00    -0.2922E-03     0.5317E-03     0.7712E-03     0.5317E-03     0.6082E-02     0.1129E-01
     0.0000E+00     0.0000E+00    -0.3586E-03     0.6048E-03     0.8510E-03     0.6048E-03     0.6935E-02     0.1299E-01
     0.0000E+00     0.0000E+00    -0.4318E-03     0.6846E-03     0.9375E-03     0.6846E-03     0.7875E-02     0.1488E-01
     0.0000E+00     0.0000E+00    -0.5122E-03     0.7717E-03     0.1031E-02     0.7717E-03     0.8909E-02     0.1696E-01
     0.0000E+00     0.0000E+00    -0.6004E-03     0.8665E-03     0.1133E-02     0.8665E-03     0.1005E-01     0.1924E-01
     0.0000E+00     0.0000E+00    -0.6971E-03     0.9698E-03     0.1243E-02     0.9698E-03     0.1129E-01     0.2174E-01
     0.0000E+00     0.0000E+00    -0.8030E-03     0.1082E-02     0.1362E-02     0.1082E-02     0.1266E-01     0.2448E-01
     0.0000E+00     0.0000E+00     0.0000E+00     0.0000E+00     0.0000E+00     0.0000E+00     0.0000E+00     0.0000E+00
     0.0000E+00     0.0000E+00     0.1628E-03     0.3519E-04     0.2333E-03     0.3519E-04     0.6514E-03     0.9133E-03
     0.0000E+00     0.0000E+00     0.1392E-03     0.6607E-04     0.2714E-03     0.6607E-04     0.9167E-03     0.1195E-02
     0.0000E+00     0.0000E+00     0.1123E-03     0.1002E-03     0.3128E-03     0.1002E-03     0.1214E-02     0.1535E-02
     0.0000E+00     0.0000E+00     0.8187E-04     0.1379E-03     0.3578E-03     0.1379E-03     0.1546E-02     0.1939E-02
     0.0000E+00     0.0000E+00     0.4764E-04     0.1795E-03     0.4067E-03     0.1795E-03     0.1916E-02     0.2412E-02
     0.0000E+00     0.0000E+00     0.9280E-05     0.2252E-03     0.4597E-03     0.2252E-03     0.2328E-02     0.2960E-02
     0.0000E+00     0.0000E+00    -0.3354E-04     0.2754E-03     0.5172E-03     0.2754E-03     0.2785E-02     0.3588E-02
     0.0000E+00     0.0000E+00    -0.8119E-04     0.3304E-03     0.5796E-03     0.3304E-03     0.3291E-02     0.4303E-02
     0.0000E+00     0.0000E+00    -0.1341E-03     0.3906E-03     0.6472E-03     0.3906E-03     0.3851E-02     0.5111E-02
     0.0000E+00     0.0000E+00    -0.1926E-03     0.4565E-03     0.7205E-03     0.4565E-03     0.4469E-02     0.6018E-02
     0.0000E+00     0.0000E+00    -0.2573E-03     0.5286E-03     0.7999E-03     0.5286E-03     0.5151E-02     0.7031E-02
     0.0000E+00     0.0000E+00    -0.3286E-03     0.6072E-03     0.8859E-03     0.6072E-03     0.5901E-02     0.8158E-02
     0.0000E+00     0.0000E+00    -0.4070E-03     0.6930E-03     0.9790E-03     0.6930E-03     0.6725E-02     0.9406E-02
     0.0000E+00     0.0000E+00    -0.4933E-03     0.7865E-03     0.1080E-02     0.7865E-03     0.7629E-02     0.1078E-01
     0.0000E+00     0.0000E+00    -0.5879E-03     0.8884E-03     0.1189E-02     0.8884E-03     0.8620E-02     0.1230E-01
     0.0000E+00     0.0000E+00    -0.6917E-03     0.9994E-03     0.1307E-02     0.9994E-03     0.9705E-02     0.1396E-01
     0.0000E+00     0.0000E+00    -0.8053E-03     0.1120E-02     0.1435E-02     0.1120E-02     0.1089E-01     0.1578E-01
     0.0000E+00     0.0000E+00    -0.9295E-03     0.1252E-02     0.1574E-02     0.1252E-02     0.1219E-01     0.1777E-01
     0.0000E+00     0.0000E+00    -0.1065E-02     0.1394E-02     0.1723E-02     0.1394E-02     0.1360E-01     0.1994E-01
     0.0000E+00     0.0000E+00     0.0000E+00     0.0000E+00     0.0000E+00     0.0000E+00     0.0000E+00     0.0000E+00
     0.0000E+00     0.0000E+00     0.1866E-03     0.4643E-04     0.2795E-03     0.4643E-04     0.7463E-03     0.8158E-03
     0.0000E+00     0.0000E+00     0.1562E-03     0.8485E-04     0.3260E-03     0.8485E-04     0.1053E-02     0.1058E-02
     0.0000E+00     0.0000E+00     0.1220E-03     0.1272E-03     0.3764E-03     0.1272E-03     0.1394E-02     0.1350E-02
     0.0000E+00     0.0000E+00     0.8344E-04     0.1738E-03     0.4311E-03     0.1738E-03     0.1771E-02     0.1696E-02
     0.0000E+00     0.0000E+00     0.4033E-04     0.2250E-03     0.4904E-03     0.2250E-03     0.2189E-02     0.2099E-02
     0.0000E+00     0.0000E+00    -0.7743E-05     0.2812E-03     0.5547E-03     0.2812E-03     0.2651E-02     0.2564E-02
     0.0000E+00     0.0000E+00    -0.6118E-04     0.3428E-03     0.6244E-03     0.3428E-03     0.3160E-02     0.3095E-02
     0.0000E+00     0.0000E+00    -0.1204E-03     0.4101E-03     0.6998E-03     0.4101E-03     0.3721E-02     0.3697E-02
     0.0000E+00     0.0000E+00    -0.1859E-03     0.4837E-03     0.7815E-03     0.4837E-03     0.4338E-02     0.4373E-02
     0.0000E+00     0.0000E+00    -0.2582E-03     0.5641E-03     0.8699E-03     0.5641E-03     0.5015E-02     0.5130E-02
     0.0000E+00     0.0000E+00    -0.3379E-03     0.6517E-03     0.9656E-03     0.6517E-03     0.5758E-02     0.5972E-02
     0.0000E+00     0.0000E+00    -0.4255E-03     0.7473E-03     0.1069E-02     0.7473E-03     0.6572E-02     0.6904E-02
     0.0000E+00     0.0000E+00    -0.5217E-03     0.8514E-03     0.1181E-02     0.8514E-03     0.7463E-02     0.7933E-02
     0.0000E+00     0.0000E+00    -0.6272E-03     0.9647E-03     0.1302E-02     0.9647E-03     0.8436E-02     0.9064E-02
     0.0000E+00     0.0000E+00    -0.7428E-03     0.1088E-02     0.1433E-02     0.1088E-02     0.9500E-02     0.1030E-01
     0.0000E+00     0.0000E+00    -0.8692E-03     0.1222E-02     0.1575E-02     0.1222E-02     0.1066E-01     0.1166E-01
     0.0000E+00     0.0000E+00    -0.1007E-02     0.1368E-02     0.1728E-02     0.1368E-02     0.1193E-01     0.1314E-01
     0.0000E+00     0.0000E+00    -0.1158E-02     0.1526E-02     0.1894E-02     0.1526E-02     0.1331E-01     0.1475E-01
     0.0000E+00     0.0000E+00    -0.1323E-02     0.1698E-02     0.2074E-02     0.1698E-02     0.1481E-01     0.1651E-01
     0.0000E+00     0.0000E+00     0.0000E+00     0.0000E+00     0.0000E+00     0.0000E+00     0.0000E+00     0.0000E+00
     0.0000E+00     0.0000E+00     0.2084E-03     0.5650E-04     0.3213E-03     0.5650E-04     0.8334E-03     0.7299E-03
     0.0000E+00     0.0000E+00     0.1715E-03     0.1022E-03     0.3760E-03     0.1022E-03     0.1182E-02     0.9382E-03
     0.0000E+00     0.0000E+00     0.1301E-03     0.1525E-03     0.4352E-03     0.1525E-03     0.1567E-02     0.1189E-02
     0.0000E+00     0.0000E+00     0.8388E-04     0.2077E-03     0.4993E-03     0.2077E-03     0.1991E-02     0.1485E-02
     0.0000E+00     0.0000E+00     0.3231E-04     0.2682E-03     0.5687E-03     0.2682E-03     0.2458E-02     0.1830E-02
     0.0000E+00     0.0000E+00    -0.2499E-04     0.3344E-03     0.6438E-03     0.3344E-03     0.2971E-02     0.2227E-02
     0.0000E+00     0.0000E+00    -0.8849E-04     0.4068E-03     0.7251E-03     0.4068E-03     0.3534E-02     0.2679E-02
     0.0000E+00     0.0000E+00    -0.1587E-03     0.4858E-03     0.8130E-03     0.4858E-03     0.4152E-02     0.3189E-02
     0.0000E+00     0.0000E+00    -0.2361E-03     0.5721E-03     0.9081E-03     0.5721E-03     0.4829E-02     0.3760E-02
     0.0000E+00     0.0000E+00    -0.3214E-03     0.6662E-03     0.1011E-02     0.6662E-03     0.5569E-02     0.4397E-02
     0.0000E+00     0.0000E+00    -0.4152E-03     0.7686E-03     0.1122E-02     0.7686E-03     0.6378E-02     0.5103E-02
     0.0000E+00     0.0000E+00    -0.5181E-03     0.8801E-03     0.1242E-02     0.8801E-03     0.7262E-02     0.5882E-02
     0.0000E+00     0.0000E+00    -0.6310E-03     0.1001E-02     0.1372E-02     0.1001E-02     0.8226E-02     0.6738E-02
     0.0000E+00     0.0000E+00    -0.7545E-03     0.1133E-02     0.1512E-02     0.1133E-02     0.9278E-02     0.7677E-02
     0.0000E+00     0.0000E+00    -0.8897E-03     0.1277E-02     0.1664E-02     0.1277E-02     0.1042E-01     0.8703E-02
     0.0000E+00     0.0000E+00    -0.1037E-02     0.1433E-02     0.1828E-02     0.1433E-02     0.1167E-01     0.9823E-02
     0.0000E+00     0.0000E+00    -0.1199E-02     0.1602E-02     0.2005E-02     0.1602E-02     0.1303E-01     0.1104E-01
     0.0000E+00     0.0000E+00    -0.1375E-02     0.1786E-02     0.2197E-02     0.1786E-02     0.1450E-01     0.1236E-01
     0.0000E+00     0.0000E+00    -0.1567E-02     0.1985E-02     0.2404E-02     0.1985E-02     0.1610E-01     0.1380E-01
     0.0000E+00     0.0000E+00     0.0000E+00     0.0000E+00     0.0000E+00     0.0000E+00     0.0000E+00     0.0000E+00
     0.0000E+00     0.0000E+00     0.2271E-03     0.6509E-04     0.3574E-03     0.6509E-04     0.9085E-03     0.6523E-03
     0.0000E+00     0.0000E+00     0.1845E-03     0.1177E-03     0.4200E-03     0.1177E-03     0.1298E-02     0.8308E-03
     0.0000E+00     0.0000E+00     0.1368E-03     0.1754E-03     0.4876E-03     0.1754E-03     0.1726E-02     0.1046E-02
     0.0000E+00     0.0000E+00     0.8354E-04     0.2386E-03     0.5608E-03     0.2386E-03     0.2195E-02     0.1300E-02
     0.0000E+00     0.0000E+00     0.2438E-04     0.3077E-03     0.6399E-03     0.3077E-03     0.2710E-02     0.1596E-02
     0.0000E+00     0.0000E+00    -0.4122E-04     0.3832E-03     0.7254E-03     0.3832E-03     0.3274E-02     0.1935E-02
     0.0000E+00     0.0000E+00    -0.1138E-03     0.4657E-03     0.8177E-03     0.4657E-03     0.3890E-02     0.2321E-02
     0.0000E+00     0.0000E+00    -0.1938E-03     0.5556E-03     0.9175E-03     0.5556E-03     0.4564E-02     0.2755E-02
     0.0000E+00     0.0000E+00    -0.2821E-03     0.6536E-03     0.1025E-02     0.6536E-03     0.5301E-02     0.3239E-02
     0.0000E+00     0.0000E+00    -0.3791E-03     0.7603E-03     0.1142E-02     0.7603E-03     0.6104E-02     0.3778E-02
     0.0000E+00     0.0000E+00    -0.4857E-03     0.8765E-03     0.1267E-02     0.8765E-03     0.6980E-02     0.4373E-02
     0.0000E+00     0.0000E+00    -0.6025E-03     0.1003E-02     0.1403E-02     0.1003E-02     0.7934E-02     0.5028E-02
     0.0000E+00     0.0000E+00    -0.7305E-03     0.1140E-02     0.1550E-02     0.1140E-02     0.8973E-02     0.5746E-02
     0.0000E+00     0.0000E+00    -0.8706E-03     0.1289E-02     0.1708E-02     0.1289E-02     0.1010E-01     0.6531E-02
     0.0000E+00     0.0000E+00    -0.1024E-02     0.1451E-02     0.1879E-02     0.1451E-02     0.1133E-01     0.7387E-02
     0.0000E+00     0.0000E+00    -0.1191E-02     0.1627E-02     0.2063E-02     0.1627E-02     0.1267E-01     0.8318E-02
     0.0000E+00     0.0000E+00    -0.1373E-02     0.1818E-02     0.2262E-02     0.1818E-02     0.1412E-01     0.9330E-02
     0.0000E+00     0.0000E+00    -0.1572E-02     0.2025E-02     0.2477E-02     0.2025E-02     0.1569E-01     0.1043E-01
     0.0000E+00     0.0000E+00    -0.1789E-02     0.2249E-02     0.2710E-02     0.2249E-02     0.1740E-01     0.1161E-01
     0.0000E+00     0.0000E+00     0.0000E+00     0.0000E+00     0.0000E+00     0.0000E+00     0.0000E+00     0.0000E+00
     0.0000E+00     0.0000E+00     0.2428E-03     0.7234E-04     0.3876E-03     0.7234E-04     0.9714E-03     0.5822E-03
     0.0000E+00     0.0000E+00     0.1954E-03     0.1312E-03     0.4580E-03     0.1312E-03     0.1399E-02     0.7344E-03
     0.0000E+00     0.0000E+00     0.1425E-03     0.1957E-03     0.5339E-03     0.1957E-03     0.1868E-02     0.9186E-03
     0.0000E+00     0.0000E+00     0.8346E-04     0.2661E-03     0.6158E-03     0.2661E-03     0.2380E-02     0.1137E-02
     0.0000E+00     0.0000E+00     0.1789E-04     0.3432E-03     0.7043E-03     0.3432E-03     0.2941E-02     0.1390E-02
     0.0000E+00     0.0000E+00    -0.5477E-04     0.4272E-03     0.7997E-03     0.4272E-03     0.3553E-02     0.1680E-02
     0.0000E+00     0.0000E+00    -0.1351E-03     0.5189E-03     0.9027E-03     0.5189E-03     0.4221E-02     0.2010E-02
     0.0000E+00     0.0000E+00    -0.2238E-03     0.6187E-03     0.1014E-02     0.6187E-03     0.4949E-02     0.2380E-02
     0.0000E+00     0.0000E+00    -0.3214E-03     0.7274E-03     0.1134E-02     0.7274E-03     0.5743E-02     0.2792E-02
     0.0000E+00     0.0000E+00    -0.4288E-03     0.8457E-03     0.1263E-02     0.8457E-03     0.6607E-02     0.3249E-02
     0.0000E+00     0.0000E+00    -0.5467E-03     0.9743E-03     0.1402E-02     0.9743E-03     0.7548E-02     0.3753E-02
     0.0000E+00     0.0000E+00    -0.6759E-03     0.1114E-02     0.1552E-02     0.1114E-02     0.8571E-02     0.4306E-02
     0.0000E+00     0.0000E+00    -0.8175E-03     0.1266E-02     0.1714E-02     0.1266E-02     0.9682E-02     0.4911E-02
     0.0000E+00     0.0000E+00    -0.9724E-03     0.1431E-02     0.1889E-02     0.1431E-02     0.1089E-01     0.5570E-02
     0.0000E+00     0.0000E+00    -0.1142E-02     0.1610E-02     0.2077E-02     0.1610E-02     0.1220E-01     0.6288E-02
     0.0000E+00     0.0000E+00    -0.1327E-02     0.1804E-02     0.2281E-02     0.1804E-02     0.1363E-01     0.7067E-02
     0.0000E+00     0.0000E+00    -0.1528E-02     0.2014E-02     0.2500E-02     0.2014E-02     0.1517E-01     0.7911E-02
     0.0000E+00     0.0000E+00    -0.1748E-02     0.2242E-02     0.2737E-02     0.2242E-02     0.1684E-01     0.8824E-02
     0.0000E+00     0.0000E+00    -0.1987E-02     0.2490E-02     0.2992E-02     0.2490E-02     0.1866E-01     0.9812E-02
     0.0000E+00     0.0000E+00     0.0000E+00     0.0000E+00     0.0000E+00     0.0000E+00     0.0000E+00     0.0000E+00
     0.0000E+00     0.0000E+00     0.2563E-03     0.7857E-04     0.4134E-03     0.7857E-04     0.1025E-02     0.5194E-03
     0.0000E+00     0.0000E+00     0.2055E-03     0.1431E-03     0.4916E-03     0.1431E-03     0.1490E-02     0.6484E-03
     0.0000E+00     0.0000E+00     0.1486E-03     0.2136E-03     0.5758E-03     0.2136E-03     0.1997E-02     0.8056E-03
     0.0000E+00     0.0000E+00     0.8512E-04     0.2907E-03     0.6665E-03     0.2907E-03     0.2550E-02     0.9920E-03
     0.0000E+00     0.0000E+00     0.1446E-04     0.3749E-03     0.7642E-03     0.3749E-03     0.3154E-02     0.1209E-02
     0.0000E+00     0.0000E+00    -0.6396E-04     0.4667E-03     0.8693E-03     0.4667E-03     0.3812E-02     0.1457E-02
     0.0000E+00     0.0000E+00    -0.1508E-03     0.5667E-03     0.9826E-03     0.5667E-03     0.4529E-02     0.1739E-02
     0.0000E+00     0.0000E+00    -0.2467E-03     0.6756E-03     0.1105E-02     0.6756E-03     0.5309E-02     0.2055E-02
     0.0000E+00     0.0000E+00    -0.3524E-03     0.7942E-03     0.1236E-02     0.7942E-03     0.6158E-02     0.2406E-02
     0.0000E+00     0.0000E+00    -0.4688E-03     0.9230E-03     0.1377E-02     0.9230E-03     0.7081E-02     0.2794E-02
     0.0000E+00     0.0000E+00    -0.5967E-03     0.1063E-02     0.1529E-02     0.1063E-02     0.8085E-02     0.3222E-02
     0.0000E+00     0.0000E+00    -0.7371E-03     0.1215E-02     0.1693E-02     0.1215E-02     0.9174E-02     0.3690E-02
     0.0000E+00     0.0000E+00    -0.8909E-03     0.1380E-02     0.1870E-02     0.1380E-02     0.1036E-01     0.4200E-02
     0.0000E+00     0.0000E+00    -0.1059E-02     0.1560E-02     0.2060E-02     0.1560E-02     0.1164E-01     0.4756E-02
     0.0000E+00     0.0000E+00    -0.1243E-02     0.1754E-02     0.2265E-02     0.1754E-02     0.1303E-01     0.5360E-02
     0.0000E+00     0.0000E+00    -0.1444E-02     0.1965E-02     0.2486E-02     0.1965E-02     0.1454E-01     0.6013E-02
     0.0000E+00     0.0000E+00    -0.1663E-02     0.2193E-02     0.2723E-02     0.2193E-02     0.1618E-01     0.6721E-02
     0.0000E+00     0.0000E+00    -0.1902E-02     0.2441E-02     0.2980E-02     0.2441E-02     0.1795E-01     0.7484E-02
     0.0000E+00     0.0000E+00    -0.2163E-02     0.2710E-02     0.3256E-02     0.2710E-02     0.1987E-01     0.8309E-02
     0.0000E+00     0.0000E+00     0.0000E+00     0.0000E+00     0.0000E+00     0.0000E+00     0.0000E+00     0.0000E+00
     0.0000E+00     0.0000E+00     0.2693E-03     0.8426E-04     0.4380E-03     0.8426E-04     0.1077E-02     0.4633E-03
     0.0000E+00     0.0000E+00     0.2165E-03     0.1539E-03     0.5243E-03     0.1539E-03     0.1576E-02     0.5719E-03
     0.0000E+00     0.0000E+00     0.1571E-03     0.2300E-03     0.6171E-03     0.2300E-03     0.2120E-02     0.7054E-03
     0.0000E+00     0.0000E+00     0.9040E-04     0.3131E-03     0.7167E-03     0.3131E-03     0.2713E-02     0.8644E-03
     0.0000E+00     0.0000E+00     0.1590E-04     0.4039E-03     0.8238E-03     0.4039E-03     0.3359E-02     0.1050E-02
     0.0000E+00     0.0000E+00    -0.6708E-04     0.5029E-03     0.9387E-03     0.5029E-03     0.4062E-02     0.1262E-02
     0.0000E+00     0.0000E+00    -0.1592E-03     0.6107E-03     0.1062E-02     0.6107E-03     0.4827E-02     0.1503E-02
     0.0000E+00     0.0000E+00    -0.2614E-03     0.7281E-03     0.1195E-02     0.7281E-03     0.5658E-02     0.1772E-02
     0.0000E+00     0.0000E+00    -0.3742E-03     0.8558E-03     0.1337E-02     0.8558E-03     0.6561E-02     0.2071E-02
     0.0000E+00     0.0000E+00    -0.4986E-03     0.9946E-03     0.1491E-02     0.9946E-03     0.7542E-02     0.2402E-02
     0.0000E+00     0.0000E+00    -0.6356E-03     0.1145E-02     0.1655E-02     0.1145E-02     0.8607E-02     0.2765E-02
     0.0000E+00     0.0000E+00    -0.7862E-03     0.1309E-02     0.1832E-02     0.1309E-02     0.9762E-02     0.3161E-02
     0.0000E+00     0.0000E+00    -0.9513E-03     0.1487E-02     0.2022E-02     0.1487E-02     0.1101E-01     0.3593E-02
     0.0000E+00     0.0000E+00    -0.1132E-02     0.1680E-02     0.2227E-02     0.1680E-02     0.1237E-01     0.4062E-02
     0.0000E+00     0.0000E+00    -0.1330E-02     0.1889E-02     0.2447E-02     0.1889E-02     0.1384E-01     0.4571E-02
     0.0000E+00     0.0000E+00    -0.1546E-02     0.2115E-02     0.2684E-02     0.2115E-02     0.1544E-01     0.5120E-02
     0.0000E+00     0.0000E+00    -0.1782E-02     0.2361E-02     0.2939E-02     0.2361E-02     0.1716E-01     0.5714E-02
     0.0000E+00     0.0000E+00    -0.2039E-02     0.2627E-02     0.3214E-02     0.2627E-02     0.1903E-01     0.6354E-02
     0.0000E+00     0.0000E+00    -0.2320E-02     0.2915E-02     0.3510E-02     0.2915E-02     0.2106E-01     0.7044E-02
     0.0000E+00     0.0000E+00     0.0000E+00     0.0000E+00     0.0000E+00     0.0000E+00     0.0000E+00     0.0000E+00
     0.0000E+00     0.0000E+00     0.2847E-03     0.9072E-04     0.4660E-03     0.9072E-04     0.1139E-02     0.4132E-03
     0.0000E+00     0.0000E+00     0.2312E-03     0.1651E-03     0.5612E-03     0.1651E-03     0.1672E-02     0.5041E-03
     0.0000E+00     0.0000E+00     0.1705E-03     0.2464E-03     0.6631E-03     0.2464E-03     0.2253E-02     0.6168E-03
     0.0000E+00     0.0000E+00     0.1017E-03     0.3353E-03     0.7722E-03     0.3353E-03     0.2885E-02     0.7519E-03
     0.0000E+00     0.0000E+00     0.2433E-04     0.4324E-03     0.8890E-03     0.4324E-03     0.3574E-02     0.9099E-03
     0.0000E+00     0.0000E+00    -0.6240E-04     0.5383E-03     0.1014E-02     0.5383E-03     0.4322E-02     0.1091E-02
     0.0000E+00     0.0000E+00    -0.1592E-03     0.6537E-03     0.1148E-02     0.6537E-03     0.5135E-02     0.1296E-02
     0.0000E+00     0.0000E+00    -0.2669E-03     0.7793E-03     0.1292E-02     0.7793E-03     0.6018E-02     0.1526E-02
     0.0000E+00     0.0000E+00    -0.3864E-03     0.9159E-03     0.1445E-02     0.9159E-03     0.6977E-02     0.1781E-02
     0.0000E+00     0.0000E+00    -0.5186E-03     0.1064E-02     0.1610E-02     0.1064E-02     0.8017E-02     0.2062E-02
     0.0000E+00     0.0000E+00    -0.6644E-03     0.1226E-02     0.1787E-02     0.1226E-02     0.9144E-02     0.2370E-02
     0.0000E+00     0.0000E+00    -0.8250E-03     0.1401E-02     0.1977E-02     0.1401E-02     0.1037E-01     0.2707E-02
     0.0000E+00     0.0000E+00    -0.1001E-02     0.1591E-02     0.2180E-02     0.1591E-02     0.1169E-01     0.3072E-02
     0.0000E+00     0.0000E+00    -0.1195E-02     0.1797E-02     0.2399E-02     0.1797E-02     0.1312E-01     0.3468E-02
     0.0000E+00     0.0000E+00    -0.1407E-02     0.2020E-02     0.2634E-02     0.2020E-02     0.1468E-01     0.3897E-02
     0.0000E+00     0.0000E+00    -0.1638E-02     0.2262E-02     0.2886E-02     0.2262E-02     0.1636E-01     0.4359E-02
     0.0000E+00     0.0000E+00    -0.1891E-02     0.2524E-02     0.3157E-02     0.2524E-02     0.1817E-01     0.4858E-02
     0.0000E+00     0.0000E+00    -0.2166E-02     0.2808E-02     0.3449E-02     0.2808E-02     0.2014E-01     0.5394E-02
     0.0000E+00     0.0000E+00    -0.2466E-02     0.3115E-02     0.3764E-02     0.3115E-02     0.2227E-01     0.5972E-02
     0.0000E+00     0.0000E+00     0.0000E+00     0.0000E+00     0.0000E+00     0.0000E+00     0.0000E+00     0.0000E+00
     0.0000E+00     0.0000E+00     0.3067E-03     0.9883E-04     0.5044E-03     0.9883E-04     0.1227E-02     0.3693E-03
     0.0000E+00     0.0000E+00     0.2536E-03     0.1779E-03     0.6094E-03     0.1779E-03     0.1796E-02     0.4446E-03
     0.0000E+00     0.0000E+00     0.1922E-03     0.2645E-03     0.7213E-03     0.2645E-03     0.2416E-02     0.5393E-03
     0.0000E+00     0.0000E+00     0.1219E-03     0.3593E-03     0.8405E-03     0.3593E-03     0.3090E-02     0.6537E-03
     0.0000E+00     0.0000E+00     0.4200E-04     0.4629E-03     0.9677E-03     0.4629E-03     0.3823E-02     0.7880E-03
     0.0000E+00     0.0000E+00    -0.4833E-04     0.5759E-03     0.1103E-02     0.5759E-03     0.4619E-02     0.9425E-03
     0.0000E+00     0.0000E+00    -0.1499E-03     0.6991E-03     0.1248E-02     0.6991E-03     0.5484E-02     0.1117E-02
     0.0000E+00     0.0000E+00    -0.2634E-03     0.8332E-03     0.1403E-02     0.8332E-03     0.6422E-02     0.1313E-02
     0.0000E+00     0.0000E+00    -0.3900E-03     0.9790E-03     0.1568E-02     0.9790E-03     0.7439E-02     0.1530E-02
     0.0000E+00     0.0000E+00    -0.5304E-03     0.1138E-02     0.1745E-02     0.1138E-02     0.8541E-02     0.1769E-02
     0.0000E+00     0.0000E+00    -0.6857E-03     0.1310E-02     0.1934E-02     0.1310E-02     0.9735E-02     0.2030E-02
     0.0000E+00     0.0000E+00    -0.8570E-03     0.1496E-02     0.2136E-02     0.1496E-02     0.1103E-01     0.2315E-02
     0.0000E+00     0.0000E+00    -0.1046E-02     0.1699E-02     0.2352E-02     0.1699E-02     0.1243E-01     0.2624E-02
     0.0000E+00     0.0000E+00    -0.1252E-02     0.1919E-02     0.2585E-02     0.1919E-02     0.1394E-01     0.2958E-02
     0.0000E+00     0.0000E+00    -0.1479E-02     0.2156E-02     0.2834E-02     0.2156E-02     0.1558E-01     0.3319E-02
     0.0000E+00     0.0000E+00    -0.1727E-02     0.2414E-02     0.3101E-02     0.2414E-02     0.1735E-01     0.3707E-02
     0.0000E+00     0.0000E+00    -0.1998E-02     0.2693E-02     0.3388E-02     0.2693E-02     0.1926E-01     0.4126E-02
     0.0000E+00     0.0000E+00    -0.2293E-02     0.2995E-02     0.3697E-02     0.2995E-02     0.2133E-01     0.4576E-02
     0.0000E+00     0.0000E+00    -0.2614E-02     0.3321E-02     0.4029E-02     0.3321E-02     0.2357E-01     0.5059E-02
     0.0000E+00     0.0000E+00     0.0000E+00     0.0000E+00     0.0000E+00     0.0000E+00     0.0000E+00     0.0000E+00
     0.0000E+00     0.0000E+00     0.3396E-03     0.1106E-03     0.5609E-03     0.1106E-03     0.1359E-02     0.3308E-03
     0.0000E+00     0.0000E+00     0.2872E-03     0.1948E-03     0.6768E-03     0.1948E-03     0.1968E-02     0.3925E-03
     0.0000E+00     0.0000E+00     0.2254E-03     0.2871E-03     0.7996E-03     0.2871E-03     0.2631E-02     0.4717E-03
     0.0000E+00     0.0000E+00     0.1533E-03     0.3883E-03     0.9299E-03     0.3883E-03     0.3351E-02     0.5682E-03
     0.0000E+00     0.0000E+00     0.7039E-04     0.4989E-03     0.1068E-02     0.4989E-03     0.4134E-02     0.6820E-03
     0.0000E+00     0.0000E+00    -0.2425E-04     0.6197E-03     0.1215E-02     0.6197E-03     0.4983E-02     0.8132E-03
     0.0000E+00     0.0000E+00    -0.1314E-03     0.7513E-03     0.1371E-02     0.7513E-03     0.5905E-02     0.9619E-03
     0.0000E+00     0.0000E+00    -0.2520E-03     0.8947E-03     0.1537E-02     0.8947E-03     0.6903E-02     0.1128E-02
     0.0000E+00     0.0000E+00    -0.3868E-03     0.1051E-02     0.1714E-02     0.1051E-02     0.7984E-02     0.1313E-02
     0.0000E+00     0.0000E+00    -0.5370E-03     0.1220E-02     0.1903E-02     0.1220E-02     0.9155E-02     0.1515E-02
     0.0000E+00     0.0000E+00    -0.7034E-03     0.1404E-02     0.2104E-02     0.1404E-02     0.1042E-01     0.1736E-02
     0.0000E+00     0.0000E+00    -0.8874E-03     0.1603E-02     0.2319E-02     0.1603E-02     0.1179E-01     0.1977E-02
     0.0000E+00     0.0000E+00    -0.1090E-02     0.1819E-02     0.2548E-02     0.1819E-02     0.1327E-01     0.2237E-02
     0.0000E+00     0.0000E+00    -0.1312E-02     0.2053E-02     0.2794E-02     0.2053E-02     0.1487E-01     0.2518E-02
     0.0000E+00     0.0000E+00    -0.1556E-02     0.2307E-02     0.3057E-02     0.2307E-02     0.1660E-01     0.2822E-02
     0.0000E+00     0.0000E+00    -0.1822E-02     0.2581E-02     0.3339E-02     0.2581E-02     0.1847E-01     0.3148E-02
     0.0000E+00     0.0000E+00    -0.2113E-02     0.2878E-02     0.3642E-02     0.2878E-02     0.2049E-01     0.3498E-02
     0.0000E+00     0.0000E+00    -0.2430E-02     0.3198E-02     0.3967E-02     0.3198E-02     0.2267E-01     0.3874E-02
     0.0000E+00     0.0000E+00    -0.2774E-02     0.3545E-02     0.4316E-02     0.3545E-02     0.2503E-01     0.4278E-02
     0.0000E+00     0.0000E+00     0.0000E+00     0.0000E+00     0.0000E+00     0.0000E+00     0.0000E+00     0.0000E+00
     0.0000E+00     0.0000E+00     0.3890E-03     0.1278E-03     0.6446E-03     0.1278E-03     0.1556E-02     0.2970E-03
     0.0000E+00     0.0000E+00     0.3368E-03     0.2178E-03     0.7725E-03     0.2178E-03     0.2212E-02     0.3471E-03
     0.0000E+00     0.0000E+00     0.2736E-03     0.3168E-03     0.9072E-03     0.3168E-03     0.2924E-02     0.4127E-03
     0.0000E+00     0.0000E+00     0.1986E-03     0.4253E-03     0.1049E-02     0.4253E-03     0.3698E-02     0.4937E-03
     0.0000E+00     0.0000E+00     0.1112E-03     0.5441E-03     0.1199E-02     0.5441E-03     0.4537E-02     0.5898E-03
     0.0000E+00     0.0000E+00     0.1045E-04     0.6737E-03     0.1358E-02     0.6737E-03     0.5447E-02     0.7009E-03
     0.0000E+00     0.0000E+00    -0.1044E-03     0.8150E-03     0.1526E-02     0.8150E-03     0.6433E-02     0.8269E-03
     0.0000E+00     0.0000E+00    -0.2341E-03     0.9689E-03     0.1704E-02     0.9689E-03     0.7500E-02     0.9678E-03
     0.0000E+00     0.0000E+00    -0.3798E-03     0.1136E-02     0.1892E-02     0.1136E-02     0.8654E-02     0.1124E-02
     0.0000E+00     0.0000E+00    -0.5422E-03     0.1318E-02     0.2093E-02     0.1318E-02     0.9902E-02     0.1295E-02
     0.0000E+00     0.0000E+00    -0.7226E-03     0.1514E-02     0.2306E-02     0.1514E-02     0.1125E-01     0.1482E-02
     0.0000E+00     0.0000E+00    -0.9219E-03     0.1728E-02     0.2534E-02     0.1728E-02     0.1271E-01     0.1684E-02
     0.0000E+00     0.0000E+00    -0.1141E-02     0.1959E-02     0.2776E-02     0.1959E-02     0.1428E-01     0.1903E-02
     0.0000E+00     0.0000E+00    -0.1382E-02     0.2209E-02     0.3035E-02     0.2209E-02     0.1598E-01     0.2139E-02
     0.0000E+00     0.0000E+00    -0.1646E-02     0.2479E-02     0.3313E-02     0.2479E-02     0.1781E-01     0.2393E-02
     0.0000E+00     0.0000E+00    -0.1934E-02     0.2772E-02     0.3609E-02     0.2772E-02     0.1979E-01     0.2665E-02
     0.0000E+00     0.0000E+00    -0.2248E-02     0.3088E-02     0.3928E-02     0.3088E-02     0.2192E-01     0.2957E-02
     0.0000E+00     0.0000E+00    -0.2589E-02     0.3429E-02     0.4269E-02     0.3429E-02     0.2422E-01     0.3271E-02
     0.0000E+00     0.0000E+00    -0.2960E-02     0.3798E-02     0.4636E-02     0.3798E-02     0.2671E-01     0.3607E-02
     0.0000E+00     0.0000E+00     0.0000E+00     0.0000E+00     0.0000E+00     0.0000E+00     0.0000E+00     0.0000E+00
     0.0000E+00     0.0000E+00     0.4607E-03     0.1520E-03     0.7648E-03     0.1520E-03     0.1843E-02     0.2671E-03
     0.0000E+00     0.0000E+00     0.4070E-03     0.2493E-03     0.9056E-03     0.2493E-03     0.2553E-02     0.3071E-03
     0.0000E+00     0.0000E+00     0.3403E-03     0.3563E-03     0.1053E-02     0.3563E-03     0.3323E-02     0.3611E-03
     0.0000E+00     0.0000E+00     0.2600E-03     0.4736E-03     0.1207E-02     0.4736E-03     0.4159E-02     0.4286E-03
     0.0000E+00     0.0000E+00     0.1653E-03     0.6020E-03     0.1369E-02     0.6020E-03     0.5064E-02     0.5093E-03
     0.0000E+00     0.0000E+00     0.5554E-04     0.7421E-03     0.1540E-02     0.7421E-03     0.6043E-02     0.6029E-03
     0.0000E+00     0.0000E+00    -0.7012E-04     0.8947E-03     0.1719E-02     0.8947E-03     0.7103E-02     0.7092E-03
     0.0000E+00     0.0000E+00    -0.2125E-03     0.1061E-02     0.1909E-02     0.1061E-02     0.8248E-02     0.8281E-03
     0.0000E+00     0.0000E+00    -0.3724E-03     0.1241E-02     0.2109E-02     0.1241E-02     0.9484E-02     0.9595E-03
     0.0000E+00     0.0000E+00    -0.5509E-03     0.1436E-02     0.2322E-02     0.1436E-02     0.1082E-01     0.1103E-02
     0.0000E+00     0.0000E+00    -0.7488E-03     0.1648E-02     0.2547E-02     0.1648E-02     0.1226E-01     0.1260E-02
     0.0000E+00     0.0000E+00    -0.9673E-03     0.1877E-02     0.2787E-02     0.1877E-02     0.1381E-01     0.1430E-02
     0.0000E+00     0.0000E+00    -0.1208E-02     0.2125E-02     0.3042E-02     0.2125E-02     0.1548E-01     0.1613E-02
     0.0000E+00     0.0000E+00    -0.1471E-02     0.2393E-02     0.3314E-02     0.2393E-02     0.1729E-01     0.1810E-02
     0.0000E+00     0.0000E+00    -0.1758E-02     0.2682E-02     0.3605E-02     0.2682E-02     0.1924E-01     0.2021E-02
     0.0000E+00     0.0000E+00    -0.2072E-02     0.2994E-02     0.3917E-02     0.2994E-02     0.2133E-01     0.2247E-02
     0.0000E+00     0.0000E+00    -0.2412E-02     0.3331E-02     0.4250E-02     0.3331E-02     0.2360E-01     0.2490E-02
     0.0000E+00     0.0000E+00    -0.2782E-02     0.3695E-02     0.4608E-02     0.3695E-02     0.2603E-01     0.2750E-02
     0.0000E+00     0.0000E+00    -0.3183E-02     0.4088E-02     0.4993E-02     0.4088E-02     0.2866E-01     0.3028E-02
     0.0000E+00     0.0000E+00     0.0000E+00     0.0000E+00     0.0000E+00     0.0000E+00     0.0000E+00     0.0000E+00
     0.0000E+00     0.0000E+00     0.5599E-03     0.1856E-03     0.9310E-03     0.1856E-03     0.2240E-02     0.2405E-03
     0.0000E+00     0.0000E+00     0.5015E-03     0.2917E-03     0.1085E-02     0.2917E-03     0.3014E-02     0.2720E-03
     0.0000E+00     0.0000E+00     0.4279E-03     0.4085E-03     0.1245E-02     0.4085E-03     0.3852E-02     0.3160E-03
     0.0000E+00     0.0000E+00     0.3385E-03     0.5364E-03     0.1411E-02     0.5364E-03     0.4760E-02     0.3719E-03
     0.0000E+00     0.0000E+00     0.2325E-03     0.6763E-03     0.1585E-02     0.6763E-03     0.5741E-02     0.4393E-03
     0.0000E+00     0.0000E+00     0.1094E-03     0.8288E-03     0.1767E-02     0.8288E-03     0.6800E-02     0.5177E-03
     0.0000E+00     0.0000E+00    -0.3146E-04     0.9946E-03     0.1958E-02     0.9946E-03     0.7943E-02     0.6069E-03
     0.0000E+00     0.0000E+00    -0.1909E-03     0.1175E-02     0.2158E-02     0.1175E-02     0.9176E-02     0.7066E-03
     0.0000E+00     0.0000E+00    -0.3697E-03     0.1370E-02     0.2370E-02     0.1370E-02     0.1050E-01     0.8166E-03
     0.0000E+00     0.0000E+00    -0.5687E-03     0.1581E-02     0.2593E-02     0.1581E-02     0.1194E-01     0.9369E-03
     0.0000E+00     0.0000E+00    -0.7888E-03     0.1809E-02     0.2830E-02     0.1809E-02     0.1348E-01     0.1068E-02
     0.0000E+00     0.0000E+00    -0.1031E-02     0.2056E-02     0.3081E-02     0.2056E-02     0.1514E-01     0.1209E-02
     0.0000E+00     0.0000E+00    -0.1296E-02     0.2323E-02     0.3349E-02     0.2323E-02     0.1692E-01     0.1361E-02
     0.0000E+00     0.0000E+00    -0.1586E-02     0.2610E-02     0.3634E-02     0.2610E-02     0.1885E-01     0.1524E-02
     0.0000E+00     0.0000E+00    -0.1902E-02     0.2920E-02     0.3938E-02     0.2920E-02     0.2092E-01     0.1698E-02
     0.0000E+00     0.0000E+00    -0.2245E-02     0.3254E-02     0.4264E-02     0.3254E-02     0.2314E-01     0.1885E-02
     0.0000E+00     0.0000E+00    -0.2616E-02     0.3615E-02     0.4613E-02     0.3615E-02     0.2554E-01     0.2085E-02
     0.0000E+00     0.0000E+00    -0.3018E-02     0.4003E-02     0.4987E-02     0.4003E-02     0.2813E-01     0.2299E-02
     0.0000E+00     0.0000E+00    -0.3453E-02     0.4421E-02     0.5390E-02     0.4421E-02     0.3091E-01     0.2527E-02
     0.0000E+00     0.0000E+00     0.0000E+00     0.0000E+00     0.0000E+00     0.0000E+00     0.0000E+00     0.0000E+00
     0.0000E+00     0.0000E+00     0.6921E-03     0.2299E-03     0.1152E-02     0.2299E-03     0.2768E-02     0.2166E-03
     0.0000E+00     0.0000E+00     0.6242E-03     0.3471E-03     0.1318E-02     0.3471E-03     0.3617E-02     0.2409E-03
     0.0000E+00     0.0000E+00     0.5385E-03     0.4757E-03     0.1490E-02     0.4757E-03     0.4534E-02     0.2764E-03
     0.0000E+00     0.0000E+00     0.4345E-03     0.6165E-03     0.1668E-02     0.6165E-03     0.5524E-02     0.3223E-03
     0.0000E+00     0.0000E+00     0.3119E-03     0.7700E-03     0.1852E-02     0.7700E-03     0.6591E-02     0.3781E-03
     0.0000E+00     0.0000E+00     0.1699E-03     0.9370E-03     0.2044E-02     0.9370E-03     0.7740E-02     0.4434E-03
     0.0000E+00     0.0000E+00     0.8262E-05     0.1118E-02     0.2244E-02     0.1118E-02     0.8976E-02     0.5176E-03
     0.0000E+00     0.0000E+00    -0.1738E-03     0.1314E-02     0.2455E-02     0.1314E-02     0.1031E-01     0.6005E-03
     0.0000E+00     0.0000E+00    -0.3768E-03     0.1526E-02     0.2676E-02     0.1526E-02     0.1174E-01     0.6918E-03
     0.0000E+00     0.0000E+00    -0.6016E-03     0.1755E-02     0.2909E-02     0.1755E-02     0.1327E-01     0.7915E-03
     0.0000E+00     0.0000E+00    -0.8489E-03     0.2002E-02     0.3156E-02     0.2002E-02     0.1492E-01     0.8995E-03
     0.0000E+00     0.0000E+00    -0.1120E-02     0.2269E-02     0.3417E-02     0.2269E-02     0.1670E-01     0.1016E-02
     0.0000E+00     0.0000E+00    -0.1415E-02     0.2555E-02     0.3696E-02     0.2555E-02     0.1861E-01     0.1141E-02
     0.0000E+00     0.0000E+00    -0.1736E-02     0.2864E-02     0.3992E-02     0.2864E-02     0.2066E-01     0.1274E-02
     0.0000E+00     0.0000E+00    -0.2084E-02     0.3197E-02     0.4309E-02     0.3197E-02     0.2286E-01     0.1417E-02
     0.0000E+00     0.0000E+00    -0.2460E-02     0.3554E-02     0.4649E-02     0.3554E-02     0.2523E-01     0.1570E-02
     0.0000E+00     0.0000E+00    -0.2866E-02     0.3939E-02     0.5013E-02     0.3939E-02     0.2778E-01     0.1733E-02
     0.0000E+00     0.0000E+00    -0.3303E-02     0.4353E-02     0.5403E-02     0.4353E-02     0.3052E-01     0.1907E-02
     0.0000E+00     0.0000E+00    -0.3775E-02     0.4799E-02     0.5823E-02     0.4799E-02     0.3346E-01     0.2093E-02
     0.0000E+00     0.0000E+00     0.0000E+00     0.0000E+00     0.0000E+00     0.0000E+00     0.0000E+00     0.0000E+00
     0.0000E+00     0.0000E+00     0.8612E-03     0.2864E-03     0.1434E-02     0.2864E-03     0.3445E-02     0.1949E-03
     0.0000E+00     0.0000E+00     0.7771E-03     0.4171E-03     0.1611E-02     0.4171E-03     0.4379E-02     0.2130E-03
     0.0000E+00     0.0000E+00     0.6725E-03     0.5601E-03     0.1792E-02     0.5601E-03     0.5385E-02     0.2412E-03
     0.0000E+00     0.0000E+00     0.5472E-03     0.7160E-03     0.1979E-02     0.7160E-03     0.6467E-02     0.2785E-03
     0.0000E+00     0.0000E+00     0.4010E-03     0.8854E-03     0.2172E-02     0.8854E-03     0.7628E-02     0.3243E-03
     0.0000E+00     0.0000E+00     0.2335E-03     0.1069E-02     0.2371E-02     0.1069E-02     0.8876E-02     0.3780E-03
     0.0000E+00     0.0000E+00     0.4458E-04     0.1267E-02     0.2579E-02     0.1267E-02     0.1021E-01     0.4392E-03
     0.0000E+00     0.0000E+00    -0.1663E-03     0.1482E-02     0.2797E-02     0.1482E-02     0.1165E-01     0.5074E-03
     0.0000E+00     0.0000E+00    -0.3995E-03     0.1712E-02     0.3025E-02     0.1712E-02     0.1319E-01     0.5825E-03
     0.0000E+00     0.0000E+00    -0.6557E-03     0.1961E-02     0.3266E-02     0.1961E-02     0.1484E-01     0.6641E-03
     0.0000E+00     0.0000E+00    -0.9356E-03     0.2228E-02     0.3520E-02     0.2228E-02     0.1660E-01     0.7523E-03
     0.0000E+00     0.0000E+00    -0.1240E-02     0.2515E-02     0.3791E-02     0.2515E-02     0.1850E-01     0.8470E-03
     0.0000E+00     0.0000E+00    -0.1569E-02     0.2824E-02     0.4078E-02     0.2824E-02     0.2053E-01     0.9485E-03
     0.0000E+00     0.0000E+00    -0.1925E-02     0.3155E-02     0.4385E-02     0.3155E-02     0.2271E-01     0.1057E-02
     0.0000E+00     0.0000E+00    -0.2309E-02     0.3511E-02     0.4713E-02     0.3511E-02     0.2505E-01     0.1172E-02
     0.0000E+00     0.0000E+00    -0.2722E-02     0.3893E-02     0.5065E-02     0.3893E-02     0.2757E-01     0.1296E-02
     0.0000E+00     0.0000E+00    -0.3165E-02     0.4304E-02     0.5442E-02     0.4304E-02     0.3027E-01     0.1427E-02
     0.0000E+00     0.0000E+00    -0.3641E-02     0.4745E-02     0.5848E-02     0.4745E-02     0.3317E-01     0.1567E-02
     0.0000E+00     0.0000E+00    -0.4152E-02     0.5219E-02     0.6285E-02     0.5219E-02     0.3629E-01     0.1716E-02
     0.0000E+00     0.0000E+00     0.0000E+00     0.0000E+00     0.0000E+00     0.0000E+00     0.0000E+00     0.0000E+00
     0.0000E+00     0.0000E+00     0.1070E-02     0.3563E-03     0.1782E-02     0.3563E-03     0.4279E-02     0.1745E-03
     0.0000E+00     0.0000E+00     0.9609E-03     0.5031E-03     0.1967E-02     0.5031E-03     0.5309E-02     0.1877E-03
     0.0000E+00     0.0000E+00     0.8288E-03     0.6629E-03     0.2154E-02     0.6629E-03     0.6413E-02     0.2097E-03
     0.0000E+00     0.0000E+00     0.6737E-03     0.8362E-03     0.2346E-02     0.8362E-03     0.7594E-02     0.2396E-03
     0.0000E+00     0.0000E+00     0.4959E-03     0.1024E-02     0.2543E-02     0.1024E-02     0.8857E-02     0.2767E-03
     0.0000E+00     0.0000E+00     0.2953E-03     0.1226E-02     0.2747E-02     0.1226E-02     0.1021E-01     0.3204E-03
     0.0000E+00     0.0000E+00     0.7187E-04     0.1443E-02     0.2959E-02     0.1443E-02     0.1165E-01     0.3702E-03
     0.0000E+00     0.0000E+00    -0.1745E-03     0.1677E-02     0.3180E-02     0.1677E-02     0.1320E-01     0.4256E-03
     0.0000E+00     0.0000E+00    -0.4441E-03     0.1928E-02     0.3412E-02     0.1928E-02     0.1485E-01     0.4864E-03
     0.0000E+00     0.0000E+00    -0.7373E-03     0.2197E-02     0.3657E-02     0.2197E-02     0.1661E-01     0.5523E-03
     0.0000E+00     0.0000E+00    -0.1055E-02     0.2486E-02     0.3917E-02     0.2486E-02     0.1850E-01     0.6233E-03
     0.0000E+00     0.0000E+00    -0.1397E-02     0.2795E-02     0.4192E-02     0.2795E-02     0.2051E-01     0.6993E-03
     0.0000E+00     0.0000E+00    -0.1764E-02     0.3126E-02     0.4486E-02     0.3126E-02     0.2267E-01     0.7804E-03
     0.0000E+00     0.0000E+00    -0.2159E-02     0.3480E-02     0.4801E-02     0.3480E-02     0.2499E-01     0.8669E-03
     0.0000E+00     0.0000E+00    -0.2581E-02     0.3860E-02     0.5138E-02     0.3860E-02     0.2747E-01     0.9589E-03
     0.0000E+00     0.0000E+00    -0.3032E-02     0.4266E-02     0.5500E-02     0.4266E-02     0.3012E-01     0.1057E-02
     0.0000E+00     0.0000E+00    -0.3515E-02     0.4702E-02     0.5890E-02     0.4702E-02     0.3297E-01     0.1161E-02
     0.0000E+00     0.0000E+00    -0.4030E-02     0.5170E-02     0.6310E-02     0.5170E-02     0.3603E-01     0.1272E-02
     0.0000E+00     0.0000E+00    -0.4580E-02     0.5672E-02     0.6764E-02     0.5672E-02     0.3932E-01     0.1390E-02
     0.0000E+00     0.0000E+00     0.0000E+00     0.0000E+00     0.0000E+00     0.0000E+00     0.0000E+00     0.0000E+00
     0.0000E+00     0.0000E+00     0.1320E-02     0.4396E-03     0.2199E-02     0.4396E-03     0.5278E-02     0.1552E-03
     0.0000E+00     0.0000E+00     0.1175E-02     0.6052E-03     0.2385E-02     0.6052E-03     0.6411E-02     0.1643E-03
     0.0000E+00     0.0000E+00     0.1005E-02     0.7844E-03     0.2573E-02     0.7844E-03     0.7618E-02     0.1812E-03
     0.0000E+00     0.0000E+00     0.8101E-03     0.9775E-03     0.2765E-02     0.9775E-03     0.8903E-02     0.2048E-03
     0.0000E+00     0.0000E+00     0.5915E-03     0.1185E-02     0.2961E-02     0.1185E-02     0.1027E-01     0.2344E-03
     0.0000E+00     0.0000E+00     0.3494E-03     0.1407E-02     0.3164E-02     0.1407E-02     0.1173E-01     0.2694E-03
     0.0000E+00     0.0000E+00     0.8390E-04     0.1645E-02     0.3375E-02     0.1645E-02     0.1328E-01     0.3092E-03
     0.0000E+00     0.0000E+00    -0.2047E-03     0.1900E-02     0.3595E-02     0.1900E-02     0.1493E-01     0.3535E-03
     0.0000E+00     0.0000E+00    -0.5165E-03     0.2172E-02     0.3827E-02     0.2172E-02     0.1669E-01     0.4018E-03
     0.0000E+00     0.0000E+00    -0.8517E-03     0.2462E-02     0.4072E-02     0.2462E-02     0.1857E-01     0.4541E-03
     0.0000E+00     0.0000E+00    -0.1211E-02     0.2772E-02     0.4333E-02     0.2772E-02     0.2057E-01     0.5102E-03
     0.0000E+00     0.0000E+00    -0.1594E-02     0.3102E-02     0.4611E-02     0.3102E-02     0.2271E-01     0.5701E-03
     0.0000E+00     0.0000E+00    -0.2002E-02     0.3455E-02     0.4908E-02     0.3455E-02     0.2499E-01     0.6337E-03
     0.0000E+00     0.0000E+00    -0.2437E-02     0.3832E-02     0.5227E-02     0.3832E-02     0.2742E-01     0.7014E-03
     0.0000E+00     0.0000E+00    -0.2898E-02     0.4235E-02     0.5571E-02     0.4235E-02     0.3003E-01     0.7732E-03
     0.0000E+00     0.0000E+00    -0.3389E-02     0.4665E-02     0.5941E-02     0.4665E-02     0.3282E-01     0.8494E-03
     0.0000E+00     0.0000E+00    -0.3910E-02     0.5125E-02     0.6341E-02     0.5125E-02     0.3581E-01     0.9304E-03
     0.0000E+00     0.0000E+00    -0.4463E-02     0.5618E-02     0.6773E-02     0.5618E-02     0.3902E-01     0.1017E-02
     0.0000E+00     0.0000E+00    -0.5051E-02     0.6146E-02     0.7240E-02     0.6146E-02     0.4246E-01     0.1108E-02
     0.0000E+00     0.0000E+00     0.0000E+00     0.0000E+00     0.0000E+00     0.0000E+00     0.0000E+00     0.0000E+00
     0.0000E+00     0.0000E+00     0.1609E-02     0.5367E-03     0.2681E-02     0.5367E-03     0.6436E-02     0.1366E-03
     0.0000E+00     0.0000E+00     0.1415E-02     0.7238E-03     0.2862E-02     0.7238E-03     0.7676E-02     0.1424E-03
     0.0000E+00     0.0000E+00     0.1195E-02     0.9246E-03     0.3043E-02     0.9246E-03     0.8989E-02     0.1550E-03
     0.0000E+00     0.0000E+00     0.9500E-03     0.1139E-02     0.3228E-02     0.1139E-02     0.1038E-01     0.1732E-03
     0.0000E+00     0.0000E+00     0.6808E-03     0.1368E-02     0.3416E-02     0.1368E-02     0.1185E-01     0.1964E-03
     0.0000E+00     0.0000E+00     0.3884E-03     0.1612E-02     0.3612E-02     0.1612E-02     0.1341E-01     0.2239E-03
     0.0000E+00     0.0000E+00     0.7339E-04     0.1871E-02     0.3815E-02     0.1871E-02     0.1507E-01     0.2552E-03
     0.0000E+00     0.0000E+00    -0.2637E-03     0.2147E-02     0.4029E-02     0.2147E-02     0.1682E-01     0.2898E-03
     0.0000E+00     0.0000E+00    -0.6228E-03     0.2439E-02     0.4255E-02     0.2439E-02     0.1869E-01     0.3275E-03
     0.0000E+00     0.0000E+00    -0.1004E-02     0.2750E-02     0.4496E-02     0.2750E-02     0.2067E-01     0.3680E-03
     0.0000E+00     0.0000E+00    -0.1407E-02     0.3080E-02     0.4753E-02     0.3080E-02     0.2277E-01     0.4113E-03
     0.0000E+00     0.0000E+00    -0.1833E-02     0.3431E-02     0.5029E-02     0.3431E-02     0.2501E-01     0.4573E-03
     0.0000E+00     0.0000E+00    -0.2283E-02     0.3805E-02     0.5326E-02     0.3805E-02     0.2740E-01     0.5061E-03
     0.0000E+00     0.0000E+00    -0.2757E-02     0.4202E-02     0.5647E-02     0.4202E-02     0.2995E-01     0.5578E-03
     0.0000E+00     0.0000E+00    -0.3258E-02     0.4626E-02     0.5993E-02     0.4626E-02     0.3267E-01     0.6125E-03
     0.0000E+00     0.0000E+00    -0.3785E-02     0.5077E-02     0.6369E-02     0.5077E-02     0.3558E-01     0.6705E-03
     0.0000E+00     0.0000E+00    -0.4342E-02     0.5559E-02     0.6776E-02     0.5559E-02     0.3870E-01     0.7319E-03
     0.0000E+00     0.0000E+00    -0.4931E-02     0.6074E-02     0.7217E-02     0.6074E-02     0.4203E-01     0.7972E-03
     0.0000E+00     0.0000E+00    -0.5553E-02     0.6625E-02     0.7696E-02     0.6625E-02     0.4561E-01     0.8667E-03
     0.0000E+00     0.0000E+00     0.0000E+00     0.0000E+00     0.0000E+00     0.0000E+00     0.0000E+00     0.0000E+00
     0.0000E+00     0.0000E+00     0.1935E-02     0.6449E-03     0.3226E-02     0.6449E-03     0.7742E-02     0.1184E-03
     0.0000E+00     0.0000E+00     0.1677E-02     0.8565E-03     0.3390E-02     0.8565E-03     0.9090E-02     0.1217E-03
     0.0000E+00     0.0000E+00     0.1393E-02     0.1081E-02     0.3555E-02     0.1081E-02     0.1051E-01     0.1308E-03
     0.0000E+00     0.0000E+00     0.1085E-02     0.1319E-02     0.3723E-02     0.1319E-02     0.1200E-01     0.1446E-03
     0.0000E+00     0.0000E+00     0.7550E-03     0.1571E-02     0.3896E-02     0.1571E-02     0.1357E-01     0.1623E-03
     0.0000E+00     0.0000E+00     0.4038E-03     0.1836E-02     0.4076E-02     0.1836E-02     0.1523E-01     0.1834E-03
     0.0000E+00     0.0000E+00     0.3232E-04     0.2117E-02     0.4265E-02     0.2117E-02     0.1698E-01     0.2073E-03
     0.0000E+00     0.0000E+00    -0.3586E-03     0.2412E-02     0.4466E-02     0.2412E-02     0.1882E-01     0.2337E-03
     0.0000E+00     0.0000E+00    -0.7687E-03     0.2725E-02     0.4681E-02     0.2725E-02     0.2078E-01     0.2622E-03
     0.0000E+00     0.0000E+00    -0.1198E-02     0.3055E-02     0.4911E-02     0.3055E-02     0.2284E-01     0.2928E-03
     0.0000E+00     0.0000E+00    -0.1647E-02     0.3404E-02     0.5160E-02     0.3404E-02     0.2504E-01     0.3253E-03
     0.0000E+00     0.0000E+00    -0.2115E-02     0.3773E-02     0.5430E-02     0.3773E-02     0.2737E-01     0.3597E-03
     0.0000E+00     0.0000E+00    -0.2605E-02     0.4164E-02     0.5722E-02     0.4164E-02     0.2984E-01     0.3959E-03
     0.0000E+00     0.0000E+00    -0.3117E-02     0.4579E-02     0.6041E-02     0.4579E-02     0.3248E-01     0.4342E-03
     0.0000E+00     0.0000E+00    -0.3652E-02     0.5019E-02     0.6387E-02     0.5019E-02     0.3529E-01     0.4747E-03
     0.0000E+00     0.0000E+00    -0.4212E-02     0.5488E-02     0.6764E-02     0.5488E-02     0.3830E-01     0.5174E-03
     0.0000E+00     0.0000E+00    -0.4800E-02     0.5987E-02     0.7174E-02     0.5987E-02     0.4151E-01     0.5627E-03
     0.0000E+00     0.0000E+00    -0.5417E-02     0.6519E-02     0.7622E-02     0.6519E-02     0.4494E-01     0.6108E-03
     0.0000E+00     0.0000E+00    -0.6067E-02     0.7088E-02     0.8109E-02     0.7088E-02     0.4863E-01     0.6619E-03
     0.0000E+00     0.0000E+00     0.0000E+00     0.0000E+00     0.0000E+00     0.0000E+00     0.0000E+00     0.0000E+00
     0.0000E+00     0.0000E+00     0.2294E-02     0.7649E-03     0.3823E-02     0.7649E-03     0.9174E-02     0.1007E-03
     0.0000E+00     0.0000E+00     0.1953E-02     0.1003E-02     0.3959E-02     0.1003E-02     0.1063E-01     0.1021E-03
     0.0000E+00     0.0000E+00     0.1589E-02     0.1254E-02     0.4096E-02     0.1254E-02     0.1215E-01     0.1084E-03
     0.0000E+00     0.0000E+00     0.1206E-02     0.1516E-02     0.4237E-02     0.1516E-02     0.1373E-01     0.1185E-03
     0.0000E+00     0.0000E+00     0.8039E-03     0.1790E-02     0.4384E-02     0.1790E-02     0.1539E-01     0.1317E-03
     0.0000E+00     0.0000E+00     0.3856E-03     0.2077E-02     0.4540E-02     0.2077E-02     0.1713E-01     0.1473E-03
     0.0000E+00     0.0000E+00    -0.4818E-04     0.2378E-02     0.4707E-02     0.2378E-02     0.1896E-01     0.1650E-03
     0.0000E+00     0.0000E+00    -0.4968E-03     0.2692E-02     0.4888E-02     0.2692E-02     0.2088E-01     0.1845E-03
     0.0000E+00     0.0000E+00    -0.9598E-03     0.3022E-02     0.5085E-02     0.3022E-02     0.2290E-01     0.2054E-03
     0.0000E+00     0.0000E+00    -0.1437E-02     0.3369E-02     0.5300E-02     0.3369E-02     0.2503E-01     0.2276E-03
     0.0000E+00     0.0000E+00    -0.1930E-02     0.3733E-02     0.5535E-02     0.3733E-02     0.2729E-01     0.2511E-03
     0.0000E+00     0.0000E+00    -0.2438E-02     0.4116E-02     0.5794E-02     0.4116E-02     0.2968E-01     0.2759E-03
     0.0000E+00     0.0000E+00    -0.2963E-02     0.4521E-02     0.6078E-02     0.4521E-02     0.3222E-01     0.3018E-03
     0.0000E+00     0.0000E+00    -0.3507E-02     0.4948E-02     0.6389E-02     0.4948E-02     0.3491E-01     0.3292E-03
     0.0000E+00     0.0000E+00    -0.4070E-02     0.5401E-02     0.6731E-02     0.5401E-02     0.3778E-01     0.3580E-03
     0.0000E+00     0.0000E+00    -0.4656E-02     0.5881E-02     0.7106E-02     0.5881E-02     0.4085E-01     0.3883E-03
     0.0000E+00     0.0000E+00    -0.5267E-02     0.6392E-02     0.7517E-02     0.6392E-02     0.4412E-01     0.4205E-03
     0.0000E+00     0.0000E+00    -0.5904E-02     0.6935E-02     0.7966E-02     0.6935E-02     0.4762E-01     0.4545E-03
     0.0000E+00     0.0000E+00    -0.6573E-02     0.7515E-02     0.8457E-02     0.7515E-02     0.5136E-01     0.4907E-03
     0.0000E+00     0.0000E+00     0.0000E+00     0.0000E+00     0.0000E+00     0.0000E+00     0.0000E+00     0.0000E+00
     0.0000E+00     0.0000E+00     0.2676E-02     0.8925E-03     0.4461E-02     0.8925E-03     0.1071E-01     0.8338E-04
     0.0000E+00     0.0000E+00     0.2232E-02     0.1161E-02     0.4553E-02     0.1161E-02     0.1226E-01     0.8346E-04
     0.0000E+00     0.0000E+00     0.1772E-02     0.1438E-02     0.4648E-02     0.1438E-02     0.1387E-01     0.8758E-04
     0.0000E+00     0.0000E+00     0.1299E-02     0.1726E-02     0.4749E-02     0.1726E-02     0.1554E-01     0.9470E-04
     0.0000E+00     0.0000E+00     0.8150E-03     0.2023E-02     0.4860E-02     0.2023E-02     0.1727E-01     0.1041E-03
     0.0000E+00     0.0000E+00     0.3226E-03     0.2330E-02     0.4983E-02     0.2330E-02     0.1907E-01     0.1153E-03
     0.0000E+00     0.0000E+00    -0.1779E-03     0.2649E-02     0.5120E-02     0.2649E-02     0.2096E-01     0.1280E-03
     0.0000E+00     0.0000E+00    -0.6858E-03     0.2980E-02     0.5274E-02     0.2980E-02     0.2293E-01     0.1417E-03
     0.0000E+00     0.0000E+00    -0.1201E-02     0.3324E-02     0.5447E-02     0.3324E-02     0.2499E-01     0.1563E-03
     0.0000E+00     0.0000E+00    -0.1724E-02     0.3683E-02     0.5641E-02     0.3683E-02     0.2716E-01     0.1718E-03
     0.0000E+00     0.0000E+00    -0.2256E-02     0.4058E-02     0.5858E-02     0.4058E-02     0.2945E-01     0.1880E-03
     0.0000E+00     0.0000E+00    -0.2798E-02     0.4450E-02     0.6102E-02     0.4450E-02     0.3187E-01     0.2050E-03
     0.0000E+00     0.0000E+00    -0.3352E-02     0.4863E-02     0.6373E-02     0.4863E-02     0.3443E-01     0.2227E-03
     0.0000E+00     0.0000E+00    -0.3919E-02     0.5297E-02     0.6674E-02     0.5297E-02     0.3715E-01     0.2413E-03
     0.0000E+00     0.0000E+00    -0.4502E-02     0.5755E-02     0.7008E-02     0.5755E-02     0.4004E-01     0.2608E-03
     0.0000E+00     0.0000E+00    -0.5103E-02     0.6240E-02     0.7377E-02     0.6240E-02     0.4312E-01     0.2814E-03
     0.0000E+00     0.0000E+00    -0.5725E-02     0.6755E-02     0.7784E-02     0.6755E-02     0.4641E-01     0.3031E-03
     0.0000E+00     0.0000E+00    -0.6372E-02     0.7302E-02     0.8231E-02     0.7302E-02     0.4992E-01     0.3261E-03
     0.0000E+00     0.0000E+00    -0.7046E-02     0.7884E-02     0.8722E-02     0.7884E-02     0.5368E-01     0.3505E-03
     0.0000E+00     0.0000E+00     0.0000E+00     0.0000E+00     0.0000E+00     0.0000E+00     0.0000E+00     0.0000E+00
     0.0000E+00     0.0000E+00     0.3076E-02     0.1026E-02     0.5127E-02     0.1026E-02     0.1230E-01     0.6658E-04
     0.0000E+00     0.0000E+00     0.2503E-02     0.1327E-02     0.5156E-02     0.1327E-02     0.1395E-01     0.6586E-04
     0.0000E+00     0.0000E+00     0.1926E-02     0.1634E-02     0.5193E-02     0.1634E-02     0.1564E-01     0.6839E-04
     0.0000E+00     0.0000E+00     0.1349E-02     0.1947E-02     0.5242E-02     0.1947E-02     0.1737E-01     0.7318E-04
     0.0000E+00     0.0000E+00     0.7736E-03     0.2266E-02     0.5305E-02     0.2266E-02     0.1916E-01     0.7961E-04
     0.0000E+00     0.0000E+00     0.2012E-03     0.2592E-02     0.5385E-02     0.2592E-02     0.2100E-01     0.8725E-04
     0.0000E+00     0.0000E+00    -0.3680E-03     0.2926E-02     0.5484E-02     0.2926E-02     0.2292E-01     0.9577E-04
     0.0000E+00     0.0000E+00    -0.9343E-03     0.3270E-02     0.5605E-02     0.3270E-02     0.2491E-01     0.1049E-03
     0.0000E+00     0.0000E+00    -0.1498E-02     0.3623E-02     0.5748E-02     0.3623E-02     0.2699E-01     0.1146E-03
     0.0000E+00     0.0000E+00    -0.2061E-02     0.3989E-02     0.5917E-02     0.3989E-02     0.2917E-01     0.1247E-03
     0.0000E+00     0.0000E+00    -0.2625E-02     0.4369E-02     0.6113E-02     0.4369E-02     0.3145E-01     0.1353E-03
     0.0000E+00     0.0000E+00    -0.3192E-02     0.4765E-02     0.6338E-02     0.4765E-02     0.3386E-01     0.1462E-03
     0.0000E+00     0.0000E+00    -0.3763E-02     0.5178E-02     0.6593E-02     0.5178E-02     0.3641E-01     0.1575E-03
     0.0000E+00     0.0000E+00    -0.4342E-02     0.5611E-02     0.6881E-02     0.5611E-02     0.3910E-01     0.1694E-03
     0.0000E+00     0.0000E+00    -0.4931E-02     0.6067E-02     0.7204E-02     0.6067E-02     0.4197E-01     0.1818E-03
     0.0000E+00     0.0000E+00    -0.5535E-02     0.6549E-02     0.7563E-02     0.6549E-02     0.4501E-01     0.1948E-03
     0.0000E+00     0.0000E+00    -0.6156E-02     0.7059E-02     0.7962E-02     0.7059E-02     0.4826E-01     0.2086E-03
     0.0000E+00     0.0000E+00    -0.6797E-02     0.7600E-02     0.8402E-02     0.7600E-02     0.5173E-01     0.2231E-03
     0.0000E+00     0.0000E+00    -0.7464E-02     0.8175E-02     0.8886E-02     0.8175E-02     0.5545E-01     0.2386E-03
     0.0000E+00     0.0000E+00     0.0000E+00     0.0000E+00     0.0000E+00     0.0000E+00     0.0000E+00     0.0000E+00
     0.0000E+00     0.0000E+00     0.3485E-02     0.1161E-02     0.5807E-02     0.1161E-02     0.1394E-01     0.5057E-04
     0.0000E+00     0.0000E+00     0.2750E-02     0.1500E-02     0.5751E-02     0.1500E-02     0.1567E-01     0.4947E-04
     0.0000E+00     0.0000E+00     0.2034E-02     0.1839E-02     0.5712E-02     0.1839E-02     0.1743E-01     0.5088E-04
     0.0000E+00     0.0000E+00     0.1337E-02     0.2178E-02     0.5693E-02     0.2178E-02     0.1921E-01     0.5392E-04
     0.0000E+00     0.0000E+00     0.6608E-03     0.2518E-02     0.5697E-02     0.2518E-02     0.2103E-01     0.5805E-04
     0.0000E+00     0.0000E+00     0.4482E-05     0.2861E-02     0.5726E-02     0.2861E-02     0.2289E-01     0.6291E-04
     0.0000E+00     0.0000E+00    -0.6330E-03     0.3207E-02     0.5780E-02     0.3207E-02     0.2481E-01     0.6827E-04
     0.0000E+00     0.0000E+00    -0.1253E-02     0.3558E-02     0.5862E-02     0.3558E-02     0.2679E-01     0.7394E-04
     0.0000E+00     0.0000E+00    -0.1859E-02     0.3916E-02     0.5973E-02     0.3916E-02     0.2885E-01     0.7985E-04
     0.0000E+00     0.0000E+00    -0.2452E-02     0.4283E-02     0.6114E-02     0.4283E-02     0.3099E-01     0.8593E-04
     0.0000E+00     0.0000E+00    -0.3035E-02     0.4660E-02     0.6285E-02     0.4660E-02     0.3324E-01     0.9218E-04
     0.0000E+00     0.0000E+00    -0.3613E-02     0.5051E-02     0.6489E-02     0.5051E-02     0.3559E-01     0.9862E-04
     0.0000E+00     0.0000E+00    -0.4188E-02     0.5457E-02     0.6726E-02     0.5457E-02     0.3807E-01     0.1053E-03
     0.0000E+00     0.0000E+00    -0.4764E-02     0.5881E-02     0.6999E-02     0.5881E-02     0.4070E-01     0.1122E-03
     0.0000E+00     0.0000E+00    -0.5345E-02     0.6326E-02     0.7307E-02     0.6326E-02     0.4348E-01     0.1194E-03
     0.0000E+00     0.0000E+00    -0.5935E-02     0.6795E-02     0.7654E-02     0.6795E-02     0.4644E-01     0.1269E-03
     0.0000E+00     0.0000E+00    -0.6539E-02     0.7289E-02     0.8040E-02     0.7289E-02     0.4960E-01     0.1349E-03
     0.0000E+00     0.0000E+00    -0.7160E-02     0.7814E-02     0.8468E-02     0.7814E-02     0.5296E-01     0.1433E-03
     0.0000E+00     0.0000E+00    -0.7803E-02     0.8371E-02     0.8940E-02     0.8371E-02     0.5657E-01     0.1523E-03
     0.0000E+00     0.0000E+00     0.0000E+00     0.0000E+00     0.0000E+00     0.0000E+00     0.0000E+00     0.0000E+00
     0.0000E+00     0.0000E+00     0.3891E-02     0.1298E-02     0.6486E-02     0.1298E-02     0.1557E-01     0.3566E-04
     0.0000E+00     0.0000E+00     0.2953E-02     0.1682E-02     0.6317E-02     0.1682E-02     0.1739E-01     0.3452E-04
     0.0000E+00     0.0000E+00     0.2068E-02     0.2057E-02     0.6182E-02     0.2057E-02     0.1921E-01     0.3523E-04
     0.0000E+00     0.0000E+00     0.1235E-02     0.2424E-02     0.6082E-02     0.2424E-02     0.2103E-01     0.3703E-04
     0.0000E+00     0.0000E+00     0.4491E-03     0.2784E-02     0.6017E-02     0.2784E-02     0.2287E-01     0.3946E-04
     0.0000E+00     0.0000E+00    -0.2920E-03     0.3140E-02     0.5987E-02     0.3140E-02     0.2473E-01     0.4228E-04
     0.0000E+00     0.0000E+00    -0.9929E-03     0.3493E-02     0.5993E-02     0.3493E-02     0.2662E-01     0.4531E-04
     0.0000E+00     0.0000E+00    -0.1658E-02     0.3846E-02     0.6034E-02     0.3846E-02     0.2856E-01     0.4845E-04
     0.0000E+00     0.0000E+00    -0.2292E-02     0.4202E-02     0.6111E-02     0.4202E-02     0.3056E-01     0.5164E-04
     0.0000E+00     0.0000E+00    -0.2901E-02     0.4562E-02     0.6222E-02     0.4562E-02     0.3263E-01     0.5487E-04
     0.0000E+00     0.0000E+00    -0.3488E-02     0.4929E-02     0.6370E-02     0.4929E-02     0.3478E-01     0.5813E-04
     0.0000E+00     0.0000E+00    -0.4060E-02     0.5306E-02     0.6552E-02     0.5306E-02     0.3704E-01     0.6145E-04
     0.0000E+00     0.0000E+00    -0.4621E-02     0.5696E-02     0.6771E-02     0.5696E-02     0.3941E-01     0.6485E-04
     0.0000E+00     0.0000E+00    -0.5176E-02     0.6101E-02     0.7026E-02     0.6101E-02     0.4191E-01     0.6835E-04
     0.0000E+00     0.0000E+00    -0.5731E-02     0.6524E-02     0.7318E-02     0.6524E-02     0.4455E-01     0.7200E-04
     0.0000E+00     0.0000E+00    -0.6290E-02     0.6969E-02     0.7648E-02     0.6969E-02     0.4737E-01     0.7583E-04
     0.0000E+00     0.0000E+00    -0.6858E-02     0.7438E-02     0.8018E-02     0.7438E-02     0.5036E-01     0.7988E-04
     0.0000E+00     0.0000E+00    -0.7441E-02     0.7935E-02     0.8428E-02     0.7935E-02     0.5356E-01     0.8417E-04
     0.0000E+00     0.0000E+00    -0.8043E-02     0.8462E-02     0.8881E-02     0.8462E-02     0.5697E-01     0.8876E-04
     0.0000E+00     0.0000E+00     0.0000E+00     0.0000E+00     0.0000E+00     0.0000E+00     0.0000E+00     0.0000E+00
     0.0000E+00     0.0000E+00     0.4302E-02     0.1433E-02     0.7170E-02     0.1433E-02     0.1721E-01     0.2230E-04
     0.0000E+00     0.0000E+00     0.3094E-02     0.1879E-02     0.6853E-02     0.1879E-02     0.1916E-01     0.2138E-04
     0.0000E+00     0.0000E+00     0.1999E-02     0.2299E-02     0.6598E-02     0.2299E-02     0.2106E-01     0.2171E-04
     0.0000E+00     0.0000E+00     0.1004E-02     0.2697E-02     0.6400E-02     0.2697E-02     0.2292E-01     0.2268E-04
     0.0000E+00     0.0000E+00     0.9942E-04     0.3078E-02     0.6256E-02     0.3078E-02     0.2476E-01     0.2394E-04
     0.0000E+00     0.0000E+00    -0.7262E-03     0.3445E-02     0.6163E-02     0.3445E-02     0.2659E-01     0.2536E-04
     0.0000E+00     0.0000E+00    -0.1483E-02     0.3801E-02     0.6119E-02     0.3801E-02     0.2843E-01     0.2681E-04
     0.0000E+00     0.0000E+00    -0.2179E-02     0.4149E-02     0.6120E-02     0.4149E-02     0.3029E-01     0.2826E-04
     0.0000E+00     0.0000E+00    -0.2825E-02     0.4495E-02     0.6164E-02     0.4495E-02     0.3219E-01     0.2967E-04
     0.0000E+00     0.0000E+00    -0.3429E-02     0.4839E-02     0.6249E-02     0.4839E-02     0.3414E-01     0.3105E-04
     0.0000E+00     0.0000E+00    -0.4000E-02     0.5187E-02     0.6374E-02     0.5187E-02     0.3616E-01     0.3241E-04
     0.0000E+00     0.0000E+00    -0.4543E-02     0.5540E-02     0.6537E-02     0.5540E-02     0.3827E-01     0.3377E-04
     0.0000E+00     0.0000E+00    -0.5068E-02     0.5903E-02     0.6738E-02     0.5903E-02     0.4047E-01     0.3514E-04
     0.0000E+00     0.0000E+00    -0.5581E-02     0.6278E-02     0.6975E-02     0.6278E-02     0.4278E-01     0.3655E-04
     0.0000E+00     0.0000E+00    -0.6088E-02     0.6669E-02     0.7249E-02     0.6669E-02     0.4523E-01     0.3802E-04
     0.0000E+00     0.0000E+00    -0.6596E-02     0.7077E-02     0.7559E-02     0.7077E-02     0.4783E-01     0.3956E-04
     0.0000E+00     0.0000E+00    -0.7109E-02     0.7508E-02     0.7907E-02     0.7508E-02     0.5059E-01     0.4120E-04
     0.0000E+00     0.0000E+00    -0.7634E-02     0.7964E-02     0.8294E-02     0.7964E-02     0.5353E-01     0.4295E-04
     0.0000E+00     0.0000E+00    -0.8176E-02     0.8448E-02     0.8719E-02     0.8448E-02     0.5668E-01     0.4483E-04
     0.0000E+00     0.0000E+00     0.0000E+00     0.0000E+00     0.0000E+00     0.0000E+00     0.0000E+00     0.0000E+00
     0.0000E+00     0.0000E+00     0.4756E-02     0.1585E-02     0.7925E-02     0.1585E-02     0.1902E-01     0.1098E-04
     0.0000E+00     0.0000E+00     0.3138E-02     0.2130E-02     0.7397E-02     0.2130E-02     0.2122E-01     0.1045E-04
     0.0000E+00     0.0000E+00     0.1739E-02     0.2621E-02     0.6980E-02     0.2621E-02     0.2329E-01     0.1064E-04
     0.0000E+00     0.0000E+00     0.5274E-03     0.3067E-02     0.6660E-02     0.3067E-02     0.2524E-01     0.1112E-04
     0.0000E+00     0.0000E+00    -0.5225E-03     0.3475E-02     0.6427E-02     0.3475E-02     0.2710E-01     0.1164E-04
     0.0000E+00     0.0000E+00    -0.1436E-02     0.3852E-02     0.6269E-02     0.3852E-02     0.2891E-01     0.1217E-04
     0.0000E+00     0.0000E+00    -0.2234E-02     0.4206E-02     0.6178E-02     0.4206E-02     0.3067E-01     0.1268E-04
     0.0000E+00     0.0000E+00    -0.2938E-02     0.4542E-02     0.6146E-02     0.4542E-02     0.3242E-01     0.1313E-04
     0.0000E+00     0.0000E+00    -0.3565E-02     0.4866E-02     0.6167E-02     0.4866E-02     0.3417E-01     0.1354E-04
     0.0000E+00     0.0000E+00    -0.4130E-02     0.5182E-02     0.6234E-02     0.5182E-02     0.3595E-01     0.1391E-04
     0.0000E+00     0.0000E+00    -0.4648E-02     0.5496E-02     0.6344E-02     0.5496E-02     0.3777E-01     0.1426E-04
     0.0000E+00     0.0000E+00    -0.5129E-02     0.5811E-02     0.6493E-02     0.5811E-02     0.3965E-01     0.1459E-04
     0.0000E+00     0.0000E+00    -0.5584E-02     0.6132E-02     0.6679E-02     0.6132E-02     0.4161E-01     0.1492E-04
     0.0000E+00     0.0000E+00    -0.6023E-02     0.6461E-02     0.6898E-02     0.6461E-02     0.4366E-01     0.1526E-04
     0.0000E+00     0.0000E+00    -0.6453E-02     0.6802E-02     0.7152E-02     0.6802E-02     0.4582E-01     0.1562E-04
     0.0000E+00     0.0000E+00    -0.6881E-02     0.7159E-02     0.7437E-02     0.7159E-02     0.4810E-01     0.1600E-04
     0.0000E+00     0.0000E+00    -0.7314E-02     0.7535E-02     0.7756E-02     0.7535E-02     0.5053E-01     0.1641E-04
     0.0000E+00     0.0000E+00    -0.7758E-02     0.7933E-02     0.8108E-02     0.7933E-02     0.5312E-01     0.1686E-04
     0.0000E+00     0.0000E+00    -0.8217E-02     0.8355E-02     0.8493E-02     0.8355E-02     0.5588E-01     0.1736E-04
     0.0000E+00     0.0000E+00     0.0000E+00     0.0000E+00     0.0000E+00     0.0000E+00     0.0000E+00     0.0000E+00
     0.0000E+00     0.0000E+00     0.5261E-02     0.1754E-02     0.8769E-02     0.1754E-02     0.2104E-01     0.2781E-05
     0.0000E+00     0.0000E+00     0.2862E-02     0.2523E-02     0.7907E-02     0.2523E-02     0.2400E-01     0.2638E-05
     0.0000E+00     0.0000E+00     0.9884E-03     0.3148E-02     0.7284E-02     0.3148E-02     0.2650E-01     0.2723E-05
     0.0000E+00     0.0000E+00    -0.4935E-03     0.3666E-02     0.6839E-02     0.3666E-02     0.2867E-01     0.2872E-05
     0.0000E+00     0.0000E+00    -0.1678E-02     0.4106E-02     0.6534E-02     0.4106E-02     0.3061E-01     0.2974E-05
     0.0000E+00     0.0000E+00    -0.2630E-02     0.4485E-02     0.6340E-02     0.4485E-02     0.3237E-01     0.3051E-05
     0.0000E+00     0.0000E+00    -0.3405E-02     0.4819E-02     0.6234E-02     0.4819E-02     0.3402E-01     0.3123E-05
     0.0000E+00     0.0000E+00    -0.4046E-02     0.5122E-02     0.6198E-02     0.5122E-02     0.3558E-01     0.3170E-05
     0.0000E+00     0.0000E+00    -0.4586E-02     0.5403E-02     0.6220E-02     0.5403E-02     0.3711E-01     0.3193E-05
     0.0000E+00     0.0000E+00    -0.5052E-02     0.5671E-02     0.6290E-02     0.5671E-02     0.3863E-01     0.3206E-05
     0.0000E+00     0.0000E+00    -0.5463E-02     0.5931E-02     0.6399E-02     0.5931E-02     0.4016E-01     0.3214E-05
     0.0000E+00     0.0000E+00    -0.5836E-02     0.6189E-02     0.6542E-02     0.6189E-02     0.4173E-01     0.3217E-05
     0.0000E+00     0.0000E+00    -0.6184E-02     0.6450E-02     0.6715E-02     0.6450E-02     0.4335E-01     0.3218E-05
     0.0000E+00     0.0000E+00    -0.6517E-02     0.6717E-02     0.6916E-02     0.6717E-02     0.4504E-01     0.3221E-05
     0.0000E+00     0.0000E+00    -0.6844E-02     0.6993E-02     0.7142E-02     0.6993E-02     0.4682E-01     0.3228E-05
     0.0000E+00     0.0000E+00    -0.7171E-02     0.7282E-02     0.7394E-02     0.7282E-02     0.4870E-01     0.3238E-05
     0.0000E+00     0.0000E+00    -0.7504E-02     0.7587E-02     0.7670E-02     0.7587E-02     0.5069E-01     0.3255E-05
     0.0000E+00     0.0000E+00    -0.7848E-02     0.7909E-02     0.7971E-02     0.7909E-02     0.5281E-01     0.3279E-05
     0.0000E+00     0.0000E+00    -0.8207E-02     0.8253E-02     0.8298E-02     0.8253E-02     0.5508E-01     0.3309E-05
     0.0000E+00     0.0000E+00     0.0000E+00     0.0000E+00     0.0000E+00     0.0000E+00     0.0000E+00     0.0000E+00

