   0.200000   0.480000   0.850000    1.00000    1.00000    1.00000    1.20000
    7.50000    1.98700    1.90000  0.  0.  0.  0.  0.    1.00000  0.    1.00000
  0.  0.  0.  0.  0.  0.    4.00000  0.    1.00000    1.00000    8.00000E-02
    2.00000
     0.0000E+00     0.0000E+00     0.1515E-02    -0.4584E-03     0.5980E-03    -0.4584E-03     0.6059E-02     0.6289E-02
     0.0000E+00     0.0000E+00     0.1514E-02    -0.4567E-03     0.6009E-03    -0.4567E-03     0.6839E-02     0.9576E-02
     0.0000E+00     0.0000E+00     0.1514E-02    -0.4550E-03     0.6038E-03    -0.4550E-03     0.7744E-02     0.1330E-01
     0.0000E+00     0.0000E+00     0.1513E-02    -0.4533E-03     0.6068E-03    -0.4533E-03     0.8782E-02     0.1746E-01
     0.0000E+00     0.0000E+00     0.1513E-02    -0.4515E-03     0.6098E-03    -0.4515E-03     0.9957E-02     0.2207E-01
     0.0000E+00     0.0000E+00     0.1512E-02    -0.4497E-03     0.6128E-03    -0.4497E-03     0.1128E-01     0.2712E-01
     0.0000E+00     0.0000E+00     0.1511E-02    -0.4478E-03     0.6158E-03    -0.4478E-03     0.1275E-01     0.3260E-01
     0.0000E+00     0.0000E+00     0.1511E-02    -0.4458E-03     0.6189E-03    -0.4458E-03     0.1437E-01     0.3852E-01
     0.0000E+00     0.0000E+00     0.1510E-02    -0.4439E-03     0.6220E-03    -0.4439E-03     0.1616E-01     0.4485E-01
     0.0000E+00     0.0000E+00     0.1509E-02    -0.4418E-03     0.6252E-03    -0.4418E-03     0.1811E-01     0.5157E-01
     0.0000E+00     0.0000E+00     0.1508E-02    -0.4397E-03     0.6283E-03    -0.4397E-03     0.2023E-01     0.5866E-01
     0.0000E+00     0.0000E+00     0.1507E-02    -0.4376E-03     0.6315E-03    -0.4376E-03     0.2251E-01     0.6609E-01
     0.0000E+00     0.0000E+00     0.1505E-02    -0.4353E-03     0.6348E-03    -0.4353E-03     0.2497E-01     0.7384E-01
     0.0000E+00     0.0000E+00     0.1504E-02    -0.4331E-03     0.6380E-03    -0.4331E-03     0.2761E-01     0.8187E-01
     0.0000E+00     0.0000E+00     0.1503E-02    -0.4307E-03     0.6413E-03    -0.4307E-03     0.3041E-01     0.9013E-01
     0.0000E+00     0.0000E+00     0.1501E-02    -0.4283E-03     0.6446E-03    -0.4283E-03     0.3338E-01     0.9860E-01
     0.0000E+00     0.0000E+00     0.1500E-02    -0.4259E-03     0.6479E-03    -0.4259E-03     0.3652E-01     0.1072E+00
     0.0000E+00     0.0000E+00     0.1498E-02    -0.4234E-03     0.6512E-03    -0.4234E-03     0.3982E-01     0.1160E+00
     0.0000E+00     0.0000E+00     0.1496E-02    -0.4208E-03     0.6546E-03    -0.4208E-03     0.4328E-01     0.1248E+00
     0.0000E+00     0.0000E+00     0.0000E+00     0.0000E+00     0.0000E+00     0.0000E+00     0.0000E+00     0.0000E+00
     0.0000E+00     0.0000E+00     0.1537E-02    -0.4096E-03     0.7179E-03    -0.4096E-03     0.6148E-02     0.6219E-02
     0.0000E+00     0.0000E+00     0.1534E-02    -0.4053E-03     0.7231E-03    -0.4053E-03     0.6640E-02     0.8229E-02
     0.0000E+00     0.0000E+00     0.1530E-02    -0.4009E-03     0.7283E-03    -0.4009E-03     0.7175E-02     0.1032E-01
     0.0000E+00     0.0000E+00     0.1526E-02    -0.3964E-03     0.7335E-03    -0.3964E-03     0.7748E-02     0.1247E-01
     0.0000E+00     0.0000E+00     0.1522E-02    -0.3918E-03     0.7387E-03    -0.3918E-03     0.8358E-02     0.1466E-01
     0.0000E+00     0.0000E+00     0.1518E-02    -0.3872E-03     0.7438E-03    -0.3872E-03     0.9000E-02     0.1686E-01
     0.0000E+00     0.0000E+00     0.1514E-02    -0.3825E-03     0.7488E-03    -0.3825E-03     0.9670E-02     0.1906E-01
     0.0000E+00     0.0000E+00     0.1509E-02    -0.3777E-03     0.7539E-03    -0.3777E-03     0.1036E-01     0.2123E-01
     0.0000E+00     0.0000E+00     0.1504E-02    -0.3728E-03     0.7589E-03    -0.3728E-03     0.1108E-01     0.2335E-01
     0.0000E+00     0.0000E+00     0.1500E-02    -0.3679E-03     0.7638E-03    -0.3679E-03     0.1180E-01     0.2540E-01
     0.0000E+00     0.0000E+00     0.1494E-02    -0.3628E-03     0.7687E-03    -0.3628E-03     0.1253E-01     0.2734E-01
     0.0000E+00     0.0000E+00     0.1489E-02    -0.3577E-03     0.7736E-03    -0.3577E-03     0.1326E-01     0.2917E-01
     0.0000E+00     0.0000E+00     0.1483E-02    -0.3525E-03     0.7784E-03    -0.3525E-03     0.1399E-01     0.3086E-01
     0.0000E+00     0.0000E+00     0.1478E-02    -0.3473E-03     0.7831E-03    -0.3473E-03     0.1470E-01     0.3239E-01
     0.0000E+00     0.0000E+00     0.1472E-02    -0.3420E-03     0.7877E-03    -0.3420E-03     0.1540E-01     0.3374E-01
     0.0000E+00     0.0000E+00     0.1465E-02    -0.3366E-03     0.7923E-03    -0.3366E-03     0.1606E-01     0.3490E-01
     0.0000E+00     0.0000E+00     0.1459E-02    -0.3311E-03     0.7968E-03    -0.3311E-03     0.1669E-01     0.3584E-01
     0.0000E+00     0.0000E+00     0.1452E-02    -0.3256E-03     0.8013E-03    -0.3256E-03     0.1728E-01     0.3656E-01
     0.0000E+00     0.0000E+00     0.1445E-02    -0.3199E-03     0.8056E-03    -0.3199E-03     0.1781E-01     0.3705E-01
     0.0000E+00     0.0000E+00     0.0000E+00     0.0000E+00     0.0000E+00     0.0000E+00     0.0000E+00     0.0000E+00
     0.0000E+00     0.0000E+00     0.1512E-02    -0.3476E-03     0.8173E-03    -0.3476E-03     0.6050E-02     0.6096E-02
     0.0000E+00     0.0000E+00     0.1504E-02    -0.3410E-03     0.8225E-03    -0.3410E-03     0.6398E-02     0.7474E-02
     0.0000E+00     0.0000E+00     0.1496E-02    -0.3343E-03     0.8276E-03    -0.3343E-03     0.6766E-02     0.8854E-02
     0.0000E+00     0.0000E+00     0.1488E-02    -0.3275E-03     0.8326E-03    -0.3275E-03     0.7151E-02     0.1022E-01
     0.0000E+00     0.0000E+00     0.1479E-02    -0.3208E-03     0.8374E-03    -0.3208E-03     0.7552E-02     0.1157E-01
     0.0000E+00     0.0000E+00     0.1470E-02    -0.3140E-03     0.8421E-03    -0.3140E-03     0.7966E-02     0.1289E-01
     0.0000E+00     0.0000E+00     0.1461E-02    -0.3071E-03     0.8467E-03    -0.3071E-03     0.8391E-02     0.1417E-01
     0.0000E+00     0.0000E+00     0.1452E-02    -0.3003E-03     0.8511E-03    -0.3003E-03     0.8826E-02     0.1541E-01
     0.0000E+00     0.0000E+00     0.1442E-02    -0.2934E-03     0.8553E-03    -0.2934E-03     0.9268E-02     0.1660E-01
     0.0000E+00     0.0000E+00     0.1432E-02    -0.2865E-03     0.8594E-03    -0.2865E-03     0.9715E-02     0.1772E-01
     0.0000E+00     0.0000E+00     0.1422E-02    -0.2795E-03     0.8633E-03    -0.2795E-03     0.1016E-01     0.1879E-01
     0.0000E+00     0.0000E+00     0.1412E-02    -0.2725E-03     0.8671E-03    -0.2725E-03     0.1062E-01     0.1978E-01
     0.0000E+00     0.0000E+00     0.1402E-02    -0.2656E-03     0.8707E-03    -0.2656E-03     0.1106E-01     0.2071E-01
     0.0000E+00     0.0000E+00     0.1391E-02    -0.2586E-03     0.8741E-03    -0.2586E-03     0.1151E-01     0.2156E-01
     0.0000E+00     0.0000E+00     0.1380E-02    -0.2516E-03     0.8773E-03    -0.2516E-03     0.1195E-01     0.2235E-01
     0.0000E+00     0.0000E+00     0.1369E-02    -0.2445E-03     0.8803E-03    -0.2445E-03     0.1239E-01     0.2305E-01
     0.0000E+00     0.0000E+00     0.1358E-02    -0.2375E-03     0.8832E-03    -0.2375E-03     0.1282E-01     0.2368E-01
     0.0000E+00     0.0000E+00     0.1347E-02    -0.2305E-03     0.8858E-03    -0.2305E-03     0.1324E-01     0.2424E-01
     0.0000E+00     0.0000E+00     0.1335E-02    -0.2235E-03     0.8882E-03    -0.2235E-03     0.1365E-01     0.2474E-01
     0.0000E+00     0.0000E+00     0.0000E+00     0.0000E+00     0.0000E+00     0.0000E+00     0.0000E+00     0.0000E+00
     0.0000E+00     0.0000E+00     0.1450E-02    -0.2759E-03     0.8984E-03    -0.2759E-03     0.5801E-02     0.5921E-02
     0.0000E+00     0.0000E+00     0.1438E-02    -0.2676E-03     0.9028E-03    -0.2676E-03     0.6052E-02     0.6886E-02
     0.0000E+00     0.0000E+00     0.1425E-02    -0.2592E-03     0.9070E-03    -0.2592E-03     0.6310E-02     0.7817E-02
     0.0000E+00     0.0000E+00     0.1413E-02    -0.2509E-03     0.9110E-03    -0.2509E-03     0.6574E-02     0.8708E-02
     0.0000E+00     0.0000E+00     0.1400E-02    -0.2426E-03     0.9148E-03    -0.2426E-03     0.6841E-02     0.9554E-02
     0.0000E+00     0.0000E+00     0.1387E-02    -0.2344E-03     0.9183E-03    -0.2344E-03     0.7111E-02     0.1035E-01
     0.0000E+00     0.0000E+00     0.1374E-02    -0.2262E-03     0.9216E-03    -0.2262E-03     0.7381E-02     0.1109E-01
     0.0000E+00     0.0000E+00     0.1361E-02    -0.2181E-03     0.9246E-03    -0.2181E-03     0.7649E-02     0.1178E-01
     0.0000E+00     0.0000E+00     0.1347E-02    -0.2100E-03     0.9275E-03    -0.2100E-03     0.7915E-02     0.1241E-01
     0.0000E+00     0.0000E+00     0.1334E-02    -0.2020E-03     0.9300E-03    -0.2020E-03     0.8177E-02     0.1297E-01
     0.0000E+00     0.0000E+00     0.1320E-02    -0.1940E-03     0.9323E-03    -0.1940E-03     0.8433E-02     0.1348E-01
     0.0000E+00     0.0000E+00     0.1307E-02    -0.1861E-03     0.9343E-03    -0.1861E-03     0.8682E-02     0.1392E-01
     0.0000E+00     0.0000E+00     0.1293E-02    -0.1782E-03     0.9361E-03    -0.1782E-03     0.8923E-02     0.1430E-01
     0.0000E+00     0.0000E+00     0.1279E-02    -0.1705E-03     0.9376E-03    -0.1705E-03     0.9154E-02     0.1462E-01
     0.0000E+00     0.0000E+00     0.1264E-02    -0.1628E-03     0.9389E-03    -0.1628E-03     0.9374E-02     0.1487E-01
     0.0000E+00     0.0000E+00     0.1250E-02    -0.1552E-03     0.9398E-03    -0.1552E-03     0.9582E-02     0.1507E-01
     0.0000E+00     0.0000E+00     0.1236E-02    -0.1476E-03     0.9405E-03    -0.1476E-03     0.9778E-02     0.1521E-01
     0.0000E+00     0.0000E+00     0.1221E-02    -0.1402E-03     0.9408E-03    -0.1402E-03     0.9960E-02     0.1529E-01
     0.0000E+00     0.0000E+00     0.1207E-02    -0.1328E-03     0.9409E-03    -0.1328E-03     0.1013E-01     0.1532E-01
     0.0000E+00     0.0000E+00     0.0000E+00     0.0000E+00     0.0000E+00     0.0000E+00     0.0000E+00     0.0000E+00
     0.0000E+00     0.0000E+00     0.1362E-02    -0.1989E-03     0.9640E-03    -0.1989E-03     0.5447E-02     0.5699E-02
     0.0000E+00     0.0000E+00     0.1346E-02    -0.1896E-03     0.9671E-03    -0.1896E-03     0.5628E-02     0.6368E-02
     0.0000E+00     0.0000E+00     0.1331E-02    -0.1805E-03     0.9698E-03    -0.1805E-03     0.5809E-02     0.6992E-02
     0.0000E+00     0.0000E+00     0.1315E-02    -0.1715E-03     0.9723E-03    -0.1715E-03     0.5989E-02     0.7567E-02
     0.0000E+00     0.0000E+00     0.1300E-02    -0.1626E-03     0.9745E-03    -0.1626E-03     0.6167E-02     0.8090E-02
     0.0000E+00     0.0000E+00     0.1284E-02    -0.1538E-03     0.9763E-03    -0.1538E-03     0.6342E-02     0.8563E-02
     0.0000E+00     0.0000E+00     0.1268E-02    -0.1451E-03     0.9778E-03    -0.1451E-03     0.6512E-02     0.8982E-02
     0.0000E+00     0.0000E+00     0.1252E-02    -0.1367E-03     0.9790E-03    -0.1367E-03     0.6677E-02     0.9349E-02
     0.0000E+00     0.0000E+00     0.1236E-02    -0.1283E-03     0.9798E-03    -0.1283E-03     0.6835E-02     0.9664E-02
     0.0000E+00     0.0000E+00     0.1221E-02    -0.1201E-03     0.9804E-03    -0.1201E-03     0.6986E-02     0.9927E-02
     0.0000E+00     0.0000E+00     0.1205E-02    -0.1120E-03     0.9805E-03    -0.1120E-03     0.7129E-02     0.1014E-01
     0.0000E+00     0.0000E+00     0.1189E-02    -0.1041E-03     0.9804E-03    -0.1041E-03     0.7263E-02     0.1030E-01
     0.0000E+00     0.0000E+00     0.1173E-02    -0.9636E-04     0.9799E-03    -0.9636E-04     0.7387E-02     0.1042E-01
     0.0000E+00     0.0000E+00     0.1157E-02    -0.8876E-04     0.9790E-03    -0.8876E-04     0.7501E-02     0.1049E-01
     0.0000E+00     0.0000E+00     0.1140E-02    -0.8132E-04     0.9778E-03    -0.8132E-04     0.7605E-02     0.1052E-01
     0.0000E+00     0.0000E+00     0.1124E-02    -0.7404E-04     0.9762E-03    -0.7404E-04     0.7698E-02     0.1051E-01
     0.0000E+00     0.0000E+00     0.1108E-02    -0.6693E-04     0.9743E-03    -0.6693E-04     0.7780E-02     0.1047E-01
     0.0000E+00     0.0000E+00     0.1092E-02    -0.6000E-04     0.9720E-03    -0.6000E-04     0.7850E-02     0.1039E-01
     0.0000E+00     0.0000E+00     0.1076E-02    -0.5324E-04     0.9694E-03    -0.5324E-04     0.7908E-02     0.1028E-01
     0.0000E+00     0.0000E+00     0.0000E+00     0.0000E+00     0.0000E+00     0.0000E+00     0.0000E+00     0.0000E+00
     0.0000E+00     0.0000E+00     0.1259E-02    -0.1212E-03     0.1017E-02    -0.1212E-03     0.5038E-02     0.5434E-02
     0.0000E+00     0.0000E+00     0.1242E-02    -0.1118E-03     0.1018E-02    -0.1118E-03     0.5166E-02     0.5883E-02
     0.0000E+00     0.0000E+00     0.1225E-02    -0.1027E-03     0.1019E-02    -0.1027E-03     0.5291E-02     0.6285E-02
     0.0000E+00     0.0000E+00     0.1208E-02    -0.9380E-04     0.1020E-02    -0.9380E-04     0.5412E-02     0.6638E-02
     0.0000E+00     0.0000E+00     0.1190E-02    -0.8512E-04     0.1020E-02    -0.8512E-04     0.5528E-02     0.6944E-02
     0.0000E+00     0.0000E+00     0.1173E-02    -0.7666E-04     0.1020E-02    -0.7666E-04     0.5638E-02     0.7202E-02
     0.0000E+00     0.0000E+00     0.1156E-02    -0.6842E-04     0.1019E-02    -0.6842E-04     0.5742E-02     0.7414E-02
     0.0000E+00     0.0000E+00     0.1139E-02    -0.6041E-04     0.1018E-02    -0.6041E-04     0.5838E-02     0.7582E-02
     0.0000E+00     0.0000E+00     0.1122E-02    -0.5262E-04     0.1017E-02    -0.5262E-04     0.5927E-02     0.7708E-02
     0.0000E+00     0.0000E+00     0.1105E-02    -0.4505E-04     0.1015E-02    -0.4505E-04     0.6008E-02     0.7793E-02
     0.0000E+00     0.0000E+00     0.1088E-02    -0.3771E-04     0.1013E-02    -0.3771E-04     0.6080E-02     0.7839E-02
     0.0000E+00     0.0000E+00     0.1071E-02    -0.3059E-04     0.1010E-02    -0.3059E-04     0.6144E-02     0.7851E-02
     0.0000E+00     0.0000E+00     0.1054E-02    -0.2369E-04     0.1007E-02    -0.2369E-04     0.6198E-02     0.7829E-02
     0.0000E+00     0.0000E+00     0.1037E-02    -0.1703E-04     0.1003E-02    -0.1703E-04     0.6244E-02     0.7776E-02
     0.0000E+00     0.0000E+00     0.1021E-02    -0.1059E-04     0.9995E-03    -0.1059E-04     0.6280E-02     0.7696E-02
     0.0000E+00     0.0000E+00     0.1004E-02    -0.4384E-05     0.9952E-03    -0.4384E-05     0.6307E-02     0.7591E-02
     0.0000E+00     0.0000E+00     0.9872E-03     0.1594E-05     0.9904E-03     0.1594E-05     0.6325E-02     0.7464E-02
     0.0000E+00     0.0000E+00     0.9706E-03     0.7342E-05     0.9853E-03     0.7342E-05     0.6333E-02     0.7316E-02
     0.0000E+00     0.0000E+00     0.9540E-03     0.1286E-04     0.9797E-03     0.1286E-04     0.6333E-02     0.7152E-02
     0.0000E+00     0.0000E+00     0.0000E+00     0.0000E+00     0.0000E+00     0.0000E+00     0.0000E+00     0.0000E+00
     0.0000E+00     0.0000E+00     0.1154E-02    -0.4682E-04     0.1061E-02    -0.4682E-04     0.4617E-02     0.5131E-02
     0.0000E+00     0.0000E+00     0.1136E-02    -0.3821E-04     0.1060E-02    -0.3821E-04     0.4707E-02     0.5414E-02
     0.0000E+00     0.0000E+00     0.1118E-02    -0.2990E-04     0.1059E-02    -0.2990E-04     0.4791E-02     0.5651E-02
     0.0000E+00     0.0000E+00     0.1101E-02    -0.2189E-04     0.1057E-02    -0.2189E-04     0.4870E-02     0.5845E-02
     0.0000E+00     0.0000E+00     0.1083E-02    -0.1416E-04     0.1055E-02    -0.1416E-04     0.4942E-02     0.5997E-02
     0.0000E+00     0.0000E+00     0.1066E-02    -0.6730E-05     0.1052E-02    -0.6730E-05     0.5008E-02     0.6110E-02
     0.0000E+00     0.0000E+00     0.1048E-02     0.4163E-06     0.1049E-02     0.4163E-06     0.5066E-02     0.6185E-02
     0.0000E+00     0.0000E+00     0.1031E-02     0.7279E-05     0.1046E-02     0.7279E-05     0.5117E-02     0.6225E-02
     0.0000E+00     0.0000E+00     0.1014E-02     0.1386E-04     0.1041E-02     0.1386E-04     0.5160E-02     0.6233E-02
     0.0000E+00     0.0000E+00     0.9967E-03     0.2016E-04     0.1037E-02     0.2016E-04     0.5196E-02     0.6211E-02
     0.0000E+00     0.0000E+00     0.9796E-03     0.2619E-04     0.1032E-02     0.2619E-04     0.5223E-02     0.6162E-02
     0.0000E+00     0.0000E+00     0.9627E-03     0.3193E-04     0.1027E-02     0.3193E-04     0.5243E-02     0.6088E-02
     0.0000E+00     0.0000E+00     0.9459E-03     0.3741E-04     0.1021E-02     0.3741E-04     0.5255E-02     0.5992E-02
     0.0000E+00     0.0000E+00     0.9291E-03     0.4261E-04     0.1014E-02     0.4261E-04     0.5259E-02     0.5877E-02
     0.0000E+00     0.0000E+00     0.9124E-03     0.4755E-04     0.1008E-02     0.4755E-04     0.5255E-02     0.5746E-02
     0.0000E+00     0.0000E+00     0.8958E-03     0.5222E-04     0.1000E-02     0.5222E-04     0.5244E-02     0.5600E-02
     0.0000E+00     0.0000E+00     0.8793E-03     0.5663E-04     0.9926E-03     0.5663E-04     0.5226E-02     0.5442E-02
     0.0000E+00     0.0000E+00     0.8629E-03     0.6078E-04     0.9844E-03     0.6078E-04     0.5201E-02     0.5274E-02
     0.0000E+00     0.0000E+00     0.8465E-03     0.6467E-04     0.9759E-03     0.6467E-04     0.5169E-02     0.5098E-02
     0.0000E+00     0.0000E+00     0.0000E+00     0.0000E+00     0.0000E+00     0.0000E+00     0.0000E+00     0.0000E+00
     0.0000E+00     0.0000E+00     0.1055E-02     0.2064E-04     0.1096E-02     0.2064E-04     0.4221E-02     0.4798E-02
     0.0000E+00     0.0000E+00     0.1038E-02     0.2789E-04     0.1093E-02     0.2789E-04     0.4282E-02     0.4952E-02
     0.0000E+00     0.0000E+00     0.1020E-02     0.3480E-04     0.1090E-02     0.3480E-04     0.4337E-02     0.5066E-02
     0.0000E+00     0.0000E+00     0.1003E-02     0.4136E-04     0.1085E-02     0.4136E-04     0.4385E-02     0.5144E-02
     0.0000E+00     0.0000E+00     0.9854E-03     0.4758E-04     0.1081E-02     0.4758E-04     0.4426E-02     0.5188E-02
     0.0000E+00     0.0000E+00     0.9683E-03     0.5348E-04     0.1075E-02     0.5348E-04     0.4460E-02     0.5201E-02
     0.0000E+00     0.0000E+00     0.9513E-03     0.5904E-04     0.1069E-02     0.5904E-04     0.4487E-02     0.5185E-02
     0.0000E+00     0.0000E+00     0.9344E-03     0.6430E-04     0.1063E-02     0.6430E-04     0.4507E-02     0.5143E-02
     0.0000E+00     0.0000E+00     0.9176E-03     0.6923E-04     0.1056E-02     0.6923E-04     0.4520E-02     0.5077E-02
     0.0000E+00     0.0000E+00     0.9009E-03     0.7386E-04     0.1049E-02     0.7386E-04     0.4526E-02     0.4991E-02
     0.0000E+00     0.0000E+00     0.8844E-03     0.7819E-04     0.1041E-02     0.7819E-04     0.4525E-02     0.4888E-02
     0.0000E+00     0.0000E+00     0.8679E-03     0.8222E-04     0.1032E-02     0.8222E-04     0.4517E-02     0.4768E-02
     0.0000E+00     0.0000E+00     0.8515E-03     0.8597E-04     0.1023E-02     0.8597E-04     0.4502E-02     0.4636E-02
     0.0000E+00     0.0000E+00     0.8352E-03     0.8942E-04     0.1014E-02     0.8942E-04     0.4481E-02     0.4493E-02
     0.0000E+00     0.0000E+00     0.8190E-03     0.9260E-04     0.1004E-02     0.9260E-04     0.4454E-02     0.4342E-02
     0.0000E+00     0.0000E+00     0.8028E-03     0.9550E-04     0.9938E-03     0.9550E-04     0.4421E-02     0.4184E-02
     0.0000E+00     0.0000E+00     0.7868E-03     0.9814E-04     0.9831E-03     0.9814E-04     0.4382E-02     0.4021E-02
     0.0000E+00     0.0000E+00     0.7708E-03     0.1005E-03     0.9719E-03     0.1005E-03     0.4339E-02     0.3855E-02
     0.0000E+00     0.0000E+00     0.7550E-03     0.1026E-03     0.9603E-03     0.1026E-03     0.4290E-02     0.3687E-02
     0.0000E+00     0.0000E+00     0.0000E+00     0.0000E+00     0.0000E+00     0.0000E+00     0.0000E+00     0.0000E+00
     0.0000E+00     0.0000E+00     0.9683E-03     0.7884E-04     0.1126E-02     0.7884E-04     0.3873E-02     0.4441E-02
     0.0000E+00     0.0000E+00     0.9514E-03     0.8432E-04     0.1120E-02     0.8432E-04     0.3912E-02     0.4496E-02
     0.0000E+00     0.0000E+00     0.9346E-03     0.8942E-04     0.1113E-02     0.8942E-04     0.3945E-02     0.4519E-02
     0.0000E+00     0.0000E+00     0.9179E-03     0.9417E-04     0.1106E-02     0.9417E-04     0.3970E-02     0.4513E-02
     0.0000E+00     0.0000E+00     0.9013E-03     0.9856E-04     0.1098E-02     0.9856E-04     0.3988E-02     0.4480E-02
     0.0000E+00     0.0000E+00     0.8849E-03     0.1026E-03     0.1090E-02     0.1026E-03     0.4000E-02     0.4425E-02
     0.0000E+00     0.0000E+00     0.8685E-03     0.1063E-03     0.1081E-02     0.1063E-03     0.4005E-02     0.4348E-02
     0.0000E+00     0.0000E+00     0.8522E-03     0.1097E-03     0.1072E-02     0.1097E-03     0.4003E-02     0.4254E-02
     0.0000E+00     0.0000E+00     0.8360E-03     0.1128E-03     0.1062E-02     0.1128E-03     0.3995E-02     0.4145E-02
     0.0000E+00     0.0000E+00     0.8199E-03     0.1156E-03     0.1051E-02     0.1156E-03     0.3981E-02     0.4024E-02
     0.0000E+00     0.0000E+00     0.8039E-03     0.1180E-03     0.1040E-02     0.1180E-03     0.3960E-02     0.3891E-02
     0.0000E+00     0.0000E+00     0.7879E-03     0.1202E-03     0.1028E-02     0.1202E-03     0.3934E-02     0.3751E-02
     0.0000E+00     0.0000E+00     0.7720E-03     0.1221E-03     0.1016E-02     0.1221E-03     0.3903E-02     0.3604E-02
     0.0000E+00     0.0000E+00     0.7562E-03     0.1237E-03     0.1004E-02     0.1237E-03     0.3866E-02     0.3453E-02
     0.0000E+00     0.0000E+00     0.7405E-03     0.1251E-03     0.9906E-03     0.1251E-03     0.3825E-02     0.3300E-02
     0.0000E+00     0.0000E+00     0.7248E-03     0.1262E-03     0.9772E-03     0.1262E-03     0.3779E-02     0.3145E-02
     0.0000E+00     0.0000E+00     0.7092E-03     0.1271E-03     0.9633E-03     0.1271E-03     0.3728E-02     0.2991E-02
     0.0000E+00     0.0000E+00     0.6936E-03     0.1277E-03     0.9490E-03     0.1277E-03     0.3674E-02     0.2838E-02
     0.0000E+00     0.0000E+00     0.6782E-03     0.1281E-03     0.9344E-03     0.1281E-03     0.3617E-02     0.2687E-02
     0.0000E+00     0.0000E+00     0.0000E+00     0.0000E+00     0.0000E+00     0.0000E+00     0.0000E+00     0.0000E+00
     0.0000E+00     0.0000E+00     0.8965E-03     0.1265E-03     0.1150E-02     0.1265E-03     0.3586E-02     0.4066E-02
     0.0000E+00     0.0000E+00     0.8803E-03     0.1300E-03     0.1140E-02     0.1300E-03     0.3607E-02     0.4047E-02
     0.0000E+00     0.0000E+00     0.8642E-03     0.1331E-03     0.1130E-02     0.1331E-03     0.3621E-02     0.4002E-02
     0.0000E+00     0.0000E+00     0.8482E-03     0.1359E-03     0.1120E-02     0.1359E-03     0.3628E-02     0.3936E-02
     0.0000E+00     0.0000E+00     0.8322E-03     0.1383E-03     0.1109E-02     0.1383E-03     0.3629E-02     0.3851E-02
     0.0000E+00     0.0000E+00     0.8163E-03     0.1404E-03     0.1097E-02     0.1404E-03     0.3623E-02     0.3751E-02
     0.0000E+00     0.0000E+00     0.8004E-03     0.1422E-03     0.1085E-02     0.1422E-03     0.3611E-02     0.3637E-02
     0.0000E+00     0.0000E+00     0.7846E-03     0.1436E-03     0.1072E-02     0.1436E-03     0.3593E-02     0.3512E-02
     0.0000E+00     0.0000E+00     0.7688E-03     0.1448E-03     0.1058E-02     0.1448E-03     0.3570E-02     0.3379E-02
     0.0000E+00     0.0000E+00     0.7530E-03     0.1457E-03     0.1044E-02     0.1457E-03     0.3541E-02     0.3240E-02
     0.0000E+00     0.0000E+00     0.7374E-03     0.1463E-03     0.1030E-02     0.1463E-03     0.3507E-02     0.3097E-02
     0.0000E+00     0.0000E+00     0.7217E-03     0.1467E-03     0.1015E-02     0.1467E-03     0.3469E-02     0.2950E-02
     0.0000E+00     0.0000E+00     0.7061E-03     0.1468E-03     0.9997E-03     0.1468E-03     0.3426E-02     0.2803E-02
     0.0000E+00     0.0000E+00     0.6905E-03     0.1467E-03     0.9839E-03     0.1467E-03     0.3379E-02     0.2656E-02
     0.0000E+00     0.0000E+00     0.6750E-03     0.1463E-03     0.9676E-03     0.1463E-03     0.3328E-02     0.2511E-02
     0.0000E+00     0.0000E+00     0.6596E-03     0.1457E-03     0.9510E-03     0.1457E-03     0.3274E-02     0.2368E-02
     0.0000E+00     0.0000E+00     0.6442E-03     0.1449E-03     0.9341E-03     0.1449E-03     0.3217E-02     0.2228E-02
     0.0000E+00     0.0000E+00     0.6288E-03     0.1440E-03     0.9168E-03     0.1440E-03     0.3156E-02     0.2093E-02
     0.0000E+00     0.0000E+00     0.6136E-03     0.1428E-03     0.8992E-03     0.1428E-03     0.3094E-02     0.1962E-02
     0.0000E+00     0.0000E+00     0.0000E+00     0.0000E+00     0.0000E+00     0.0000E+00     0.0000E+00     0.0000E+00
     0.0000E+00     0.0000E+00     0.8398E-03     0.1635E-03     0.1167E-02     0.1635E-03     0.3359E-02     0.3682E-02
     0.0000E+00     0.0000E+00     0.8240E-03     0.1649E-03     0.1154E-02     0.1649E-03     0.3364E-02     0.3607E-02
     0.0000E+00     0.0000E+00     0.8082E-03     0.1660E-03     0.1140E-02     0.1660E-03     0.3362E-02     0.3515E-02
     0.0000E+00     0.0000E+00     0.7925E-03     0.1668E-03     0.1126E-02     0.1668E-03     0.3354E-02     0.3407E-02
     0.0000E+00     0.0000E+00     0.7767E-03     0.1672E-03     0.1111E-02     0.1672E-03     0.3340E-02     0.3289E-02
     0.0000E+00     0.0000E+00     0.7610E-03     0.1674E-03     0.1096E-02     0.1674E-03     0.3319E-02     0.3160E-02
     0.0000E+00     0.0000E+00     0.7452E-03     0.1673E-03     0.1080E-02     0.1673E-03     0.3294E-02     0.3025E-02
     0.0000E+00     0.0000E+00     0.7295E-03     0.1669E-03     0.1063E-02     0.1669E-03     0.3263E-02     0.2885E-02
     0.0000E+00     0.0000E+00     0.7137E-03     0.1663E-03     0.1046E-02     0.1663E-03     0.3227E-02     0.2742E-02
     0.0000E+00     0.0000E+00     0.6980E-03     0.1654E-03     0.1029E-02     0.1654E-03     0.3187E-02     0.2598E-02
     0.0000E+00     0.0000E+00     0.6823E-03     0.1643E-03     0.1011E-02     0.1643E-03     0.3143E-02     0.2454E-02
     0.0000E+00     0.0000E+00     0.6666E-03     0.1630E-03     0.9926E-03     0.1630E-03     0.3095E-02     0.2312E-02
     0.0000E+00     0.0000E+00     0.6509E-03     0.1615E-03     0.9739E-03     0.1615E-03     0.3043E-02     0.2172E-02
     0.0000E+00     0.0000E+00     0.6353E-03     0.1598E-03     0.9549E-03     0.1598E-03     0.2988E-02     0.2036E-02
     0.0000E+00     0.0000E+00     0.6197E-03     0.1579E-03     0.9355E-03     0.1579E-03     0.2931E-02     0.1904E-02
     0.0000E+00     0.0000E+00     0.6041E-03     0.1559E-03     0.9158E-03     0.1559E-03     0.2871E-02     0.1777E-02
     0.0000E+00     0.0000E+00     0.5886E-03     0.1536E-03     0.8959E-03     0.1536E-03     0.2809E-02     0.1655E-02
     0.0000E+00     0.0000E+00     0.5732E-03     0.1513E-03     0.8758E-03     0.1513E-03     0.2745E-02     0.1539E-02
     0.0000E+00     0.0000E+00     0.5579E-03     0.1488E-03     0.8555E-03     0.1488E-03     0.2680E-02     0.1429E-02
     0.0000E+00     0.0000E+00     0.0000E+00     0.0000E+00     0.0000E+00     0.0000E+00     0.0000E+00     0.0000E+00
     0.0000E+00     0.0000E+00     0.7960E-03     0.1902E-03     0.1176E-02     0.1902E-03     0.3184E-02     0.3295E-02
     0.0000E+00     0.0000E+00     0.7801E-03     0.1897E-03     0.1160E-02     0.1897E-03     0.3174E-02     0.3181E-02
     0.0000E+00     0.0000E+00     0.7642E-03     0.1889E-03     0.1142E-02     0.1889E-03     0.3157E-02     0.3056E-02
     0.0000E+00     0.0000E+00     0.7482E-03     0.1878E-03     0.1124E-02     0.1878E-03     0.3134E-02     0.2923E-02
     0.0000E+00     0.0000E+00     0.7321E-03     0.1864E-03     0.1105E-02     0.1864E-03     0.3106E-02     0.2783E-02
     0.0000E+00     0.0000E+00     0.7161E-03     0.1848E-03     0.1086E-02     0.1848E-03     0.3073E-02     0.2641E-02
     0.0000E+00     0.0000E+00     0.7000E-03     0.1830E-03     0.1066E-02     0.1830E-03     0.3035E-02     0.2496E-02
     0.0000E+00     0.0000E+00     0.6838E-03     0.1809E-03     0.1046E-02     0.1809E-03     0.2993E-02     0.2352E-02
     0.0000E+00     0.0000E+00     0.6677E-03     0.1787E-03     0.1025E-02     0.1787E-03     0.2947E-02     0.2209E-02
     0.0000E+00     0.0000E+00     0.6515E-03     0.1762E-03     0.1004E-02     0.1762E-03     0.2897E-02     0.2068E-02
     0.0000E+00     0.0000E+00     0.6354E-03     0.1736E-03     0.9827E-03     0.1736E-03     0.2844E-02     0.1932E-02
     0.0000E+00     0.0000E+00     0.6193E-03     0.1709E-03     0.9610E-03     0.1709E-03     0.2788E-02     0.1799E-02
     0.0000E+00     0.0000E+00     0.6032E-03     0.1679E-03     0.9391E-03     0.1679E-03     0.2729E-02     0.1672E-02
     0.0000E+00     0.0000E+00     0.5871E-03     0.1649E-03     0.9169E-03     0.1649E-03     0.2669E-02     0.1550E-02
     0.0000E+00     0.0000E+00     0.5712E-03     0.1617E-03     0.8946E-03     0.1617E-03     0.2606E-02     0.1435E-02
     0.0000E+00     0.0000E+00     0.5552E-03     0.1584E-03     0.8721E-03     0.1584E-03     0.2542E-02     0.1325E-02
     0.0000E+00     0.0000E+00     0.5394E-03     0.1550E-03     0.8495E-03     0.1550E-03     0.2476E-02     0.1222E-02
     0.0000E+00     0.0000E+00     0.5237E-03     0.1516E-03     0.8268E-03     0.1516E-03     0.2409E-02     0.1125E-02
     0.0000E+00     0.0000E+00     0.5081E-03     0.1480E-03     0.8041E-03     0.1480E-03     0.2342E-02     0.1035E-02
     0.0000E+00     0.0000E+00     0.0000E+00     0.0000E+00     0.0000E+00     0.0000E+00     0.0000E+00     0.0000E+00
     0.0000E+00     0.0000E+00     0.7620E-03     0.2079E-03     0.1178E-02     0.2079E-03     0.3048E-02     0.2912E-02
     0.0000E+00     0.0000E+00     0.7454E-03     0.2055E-03     0.1156E-02     0.2055E-03     0.3022E-02     0.2772E-02
     0.0000E+00     0.0000E+00     0.7286E-03     0.2030E-03     0.1135E-02     0.2030E-03     0.2991E-02     0.2627E-02
     0.0000E+00     0.0000E+00     0.7118E-03     0.2002E-03     0.1112E-02     0.2002E-03     0.2955E-02     0.2479E-02
     0.0000E+00     0.0000E+00     0.6950E-03     0.1972E-03     0.1089E-02     0.1972E-03     0.2913E-02     0.2331E-02
     0.0000E+00     0.0000E+00     0.6781E-03     0.1940E-03     0.1066E-02     0.1940E-03     0.2868E-02     0.2184E-02
     0.0000E+00     0.0000E+00     0.6611E-03     0.1906E-03     0.1042E-02     0.1906E-03     0.2819E-02     0.2039E-02
     0.0000E+00     0.0000E+00     0.6442E-03     0.1871E-03     0.1018E-02     0.1871E-03     0.2766E-02     0.1898E-02
     0.0000E+00     0.0000E+00     0.6272E-03     0.1835E-03     0.9942E-03     0.1835E-03     0.2710E-02     0.1762E-02
     0.0000E+00     0.0000E+00     0.6103E-03     0.1797E-03     0.9698E-03     0.1797E-03     0.2652E-02     0.1631E-02
     0.0000E+00     0.0000E+00     0.5934E-03     0.1759E-03     0.9451E-03     0.1759E-03     0.2591E-02     0.1506E-02
     0.0000E+00     0.0000E+00     0.5766E-03     0.1719E-03     0.9203E-03     0.1719E-03     0.2528E-02     0.1387E-02
     0.0000E+00     0.0000E+00     0.5598E-03     0.1678E-03     0.8954E-03     0.1678E-03     0.2464E-02     0.1275E-02
     0.0000E+00     0.0000E+00     0.5431E-03     0.1637E-03     0.8705E-03     0.1637E-03     0.2398E-02     0.1169E-02
     0.0000E+00     0.0000E+00     0.5266E-03     0.1595E-03     0.8455E-03     0.1595E-03     0.2331E-02     0.1071E-02
     0.0000E+00     0.0000E+00     0.5101E-03     0.1552E-03     0.8205E-03     0.1552E-03     0.2263E-02     0.9791E-03
     0.0000E+00     0.0000E+00     0.4938E-03     0.1509E-03     0.7957E-03     0.1509E-03     0.2195E-02     0.8939E-03
     0.0000E+00     0.0000E+00     0.4777E-03     0.1466E-03     0.7709E-03     0.1466E-03     0.2126E-02     0.8151E-03
     0.0000E+00     0.0000E+00     0.4617E-03     0.1423E-03     0.7462E-03     0.1423E-03     0.2057E-02     0.7425E-03
     0.0000E+00     0.0000E+00     0.0000E+00     0.0000E+00     0.0000E+00     0.0000E+00     0.0000E+00     0.0000E+00
     0.0000E+00     0.0000E+00     0.7339E-03     0.2177E-03     0.1169E-02     0.2177E-03     0.2935E-02     0.2540E-02
     0.0000E+00     0.0000E+00     0.7159E-03     0.2138E-03     0.1143E-02     0.2138E-03     0.2894E-02     0.2385E-02
     0.0000E+00     0.0000E+00     0.6979E-03     0.2097E-03     0.1117E-02     0.2097E-03     0.2849E-02     0.2230E-02
     0.0000E+00     0.0000E+00     0.6798E-03     0.2054E-03     0.1091E-02     0.2054E-03     0.2799E-02     0.2078E-02
     0.0000E+00     0.0000E+00     0.6617E-03     0.2010E-03     0.1064E-02     0.2010E-03     0.2745E-02     0.1929E-02
     0.0000E+00     0.0000E+00     0.6435E-03     0.1965E-03     0.1036E-02     0.1965E-03     0.2688E-02     0.1784E-02
     0.0000E+00     0.0000E+00     0.6254E-03     0.1918E-03     0.1009E-02     0.1918E-03     0.2628E-02     0.1646E-02
     0.0000E+00     0.0000E+00     0.6074E-03     0.1871E-03     0.9816E-03     0.1871E-03     0.2566E-02     0.1514E-02
     0.0000E+00     0.0000E+00     0.5894E-03     0.1823E-03     0.9540E-03     0.1823E-03     0.2501E-02     0.1388E-02
     0.0000E+00     0.0000E+00     0.5714E-03     0.1775E-03     0.9263E-03     0.1775E-03     0.2435E-02     0.1270E-02
     0.0000E+00     0.0000E+00     0.5536E-03     0.1726E-03     0.8987E-03     0.1726E-03     0.2367E-02     0.1159E-02
     0.0000E+00     0.0000E+00     0.5359E-03     0.1676E-03     0.8711E-03     0.1676E-03     0.2299E-02     0.1056E-02
     0.0000E+00     0.0000E+00     0.5183E-03     0.1627E-03     0.8436E-03     0.1627E-03     0.2229E-02     0.9600E-03
     0.0000E+00     0.0000E+00     0.5009E-03     0.1577E-03     0.8162E-03     0.1577E-03     0.2159E-02     0.8712E-03
     0.0000E+00     0.0000E+00     0.4837E-03     0.1527E-03     0.7891E-03     0.1527E-03     0.2088E-02     0.7894E-03
     0.0000E+00     0.0000E+00     0.4666E-03     0.1477E-03     0.7621E-03     0.1477E-03     0.2018E-02     0.7144E-03
     0.0000E+00     0.0000E+00     0.4498E-03     0.1428E-03     0.7354E-03     0.1428E-03     0.1947E-02     0.6457E-03
     0.0000E+00     0.0000E+00     0.4333E-03     0.1379E-03     0.7090E-03     0.1379E-03     0.1877E-02     0.5831E-03
     0.0000E+00     0.0000E+00     0.4170E-03     0.1330E-03     0.6830E-03     0.1330E-03     0.1808E-02     0.5261E-03
     0.0000E+00     0.0000E+00     0.0000E+00     0.0000E+00     0.0000E+00     0.0000E+00     0.0000E+00     0.0000E+00
     0.0000E+00     0.0000E+00     0.7080E-03     0.2212E-03     0.1150E-02     0.2212E-03     0.2832E-02     0.2183E-02
     0.0000E+00     0.0000E+00     0.6883E-03     0.2158E-03     0.1120E-02     0.2158E-03     0.2776E-02     0.2023E-02
     0.0000E+00     0.0000E+00     0.6686E-03     0.2104E-03     0.1089E-02     0.2104E-03     0.2716E-02     0.1867E-02
     0.0000E+00     0.0000E+00     0.6489E-03     0.2049E-03     0.1059E-02     0.2049E-03     0.2653E-02     0.1717E-02
     0.0000E+00     0.0000E+00     0.6292E-03     0.1993E-03     0.1028E-02     0.1993E-03     0.2588E-02     0.1573E-02
     0.0000E+00     0.0000E+00     0.6097E-03     0.1936E-03     0.9969E-03     0.1936E-03     0.2520E-02     0.1437E-02
     0.0000E+00     0.0000E+00     0.5902E-03     0.1879E-03     0.9660E-03     0.1879E-03     0.2450E-02     0.1310E-02
     0.0000E+00     0.0000E+00     0.5708E-03     0.1822E-03     0.9353E-03     0.1822E-03     0.2379E-02     0.1190E-02
     0.0000E+00     0.0000E+00     0.5516E-03     0.1765E-03     0.9047E-03     0.1765E-03     0.2307E-02     0.1078E-02
     0.0000E+00     0.0000E+00     0.5326E-03     0.1708E-03     0.8742E-03     0.1708E-03     0.2234E-02     0.9749E-03
     0.0000E+00     0.0000E+00     0.5138E-03     0.1651E-03     0.8440E-03     0.1651E-03     0.2161E-02     0.8796E-03
     0.0000E+00     0.0000E+00     0.4952E-03     0.1594E-03     0.8141E-03     0.1594E-03     0.2087E-02     0.7921E-03
     0.0000E+00     0.0000E+00     0.4769E-03     0.1538E-03     0.7845E-03     0.1538E-03     0.2013E-02     0.7121E-03
     0.0000E+00     0.0000E+00     0.4588E-03     0.1482E-03     0.7553E-03     0.1482E-03     0.1939E-02     0.6393E-03
     0.0000E+00     0.0000E+00     0.4410E-03     0.1427E-03     0.7264E-03     0.1427E-03     0.1866E-02     0.5731E-03
     0.0000E+00     0.0000E+00     0.4235E-03     0.1373E-03     0.6981E-03     0.1373E-03     0.1794E-02     0.5133E-03
     0.0000E+00     0.0000E+00     0.4063E-03     0.1319E-03     0.6702E-03     0.1319E-03     0.1723E-02     0.4593E-03
     0.0000E+00     0.0000E+00     0.3895E-03     0.1266E-03     0.6428E-03     0.1266E-03     0.1652E-02     0.4107E-03
     0.0000E+00     0.0000E+00     0.3731E-03     0.1214E-03     0.6159E-03     0.1214E-03     0.1583E-02     0.3671E-03
     0.0000E+00     0.0000E+00     0.0000E+00     0.0000E+00     0.0000E+00     0.0000E+00     0.0000E+00     0.0000E+00
     0.0000E+00     0.0000E+00     0.6814E-03     0.2195E-03     0.1120E-02     0.2195E-03     0.2725E-02     0.1848E-02
     0.0000E+00     0.0000E+00     0.6597E-03     0.2129E-03     0.1085E-02     0.2129E-03     0.2655E-02     0.1689E-02
     0.0000E+00     0.0000E+00     0.6381E-03     0.2063E-03     0.1051E-02     0.2063E-03     0.2582E-02     0.1538E-02
     0.0000E+00     0.0000E+00     0.6167E-03     0.1998E-03     0.1016E-02     0.1998E-03     0.2508E-02     0.1396E-02
     0.0000E+00     0.0000E+00     0.5954E-03     0.1932E-03     0.9818E-03     0.1932E-03     0.2431E-02     0.1263E-02
     0.0000E+00     0.0000E+00     0.5743E-03     0.1866E-03     0.9476E-03     0.1866E-03     0.2354E-02     0.1139E-02
     0.0000E+00     0.0000E+00     0.5535E-03     0.1801E-03     0.9137E-03     0.1801E-03     0.2276E-02     0.1025E-02
     0.0000E+00     0.0000E+00     0.5329E-03     0.1737E-03     0.8802E-03     0.1737E-03     0.2197E-02     0.9197E-03
     0.0000E+00     0.0000E+00     0.5126E-03     0.1672E-03     0.8470E-03     0.1672E-03     0.2119E-02     0.8234E-03
     0.0000E+00     0.0000E+00     0.4925E-03     0.1609E-03     0.8144E-03     0.1609E-03     0.2040E-02     0.7356E-03
     0.0000E+00     0.0000E+00     0.4729E-03     0.1546E-03     0.7822E-03     0.1546E-03     0.1962E-02     0.6559E-03
     0.0000E+00     0.0000E+00     0.4535E-03     0.1485E-03     0.7505E-03     0.1485E-03     0.1884E-02     0.5839E-03
     0.0000E+00     0.0000E+00     0.4346E-03     0.1424E-03     0.7194E-03     0.1424E-03     0.1808E-02     0.5190E-03
     0.0000E+00     0.0000E+00     0.4160E-03     0.1365E-03     0.6889E-03     0.1365E-03     0.1732E-02     0.4608E-03
     0.0000E+00     0.0000E+00     0.3979E-03     0.1306E-03     0.6591E-03     0.1306E-03     0.1658E-02     0.4086E-03
     0.0000E+00     0.0000E+00     0.3801E-03     0.1249E-03     0.6299E-03     0.1249E-03     0.1585E-02     0.3622E-03
     0.0000E+00     0.0000E+00     0.3628E-03     0.1193E-03     0.6015E-03     0.1193E-03     0.1514E-02     0.3208E-03
     0.0000E+00     0.0000E+00     0.3460E-03     0.1139E-03     0.5737E-03     0.1139E-03     0.1444E-02     0.2840E-03
     0.0000E+00     0.0000E+00     0.3296E-03     0.1085E-03     0.5467E-03     0.1085E-03     0.1376E-02     0.2515E-03
     0.0000E+00     0.0000E+00     0.0000E+00     0.0000E+00     0.0000E+00     0.0000E+00     0.0000E+00     0.0000E+00
     0.0000E+00     0.0000E+00     0.6519E-03     0.2136E-03     0.1079E-02     0.2136E-03     0.2608E-02     0.1538E-02
     0.0000E+00     0.0000E+00     0.6282E-03     0.2060E-03     0.1040E-02     0.2060E-03     0.2524E-02     0.1386E-02
     0.0000E+00     0.0000E+00     0.6047E-03     0.1985E-03     0.1002E-02     0.1985E-03     0.2440E-02     0.1246E-02
     0.0000E+00     0.0000E+00     0.5816E-03     0.1911E-03     0.9638E-03     0.1911E-03     0.2354E-02     0.1115E-02
     0.0000E+00     0.0000E+00     0.5588E-03     0.1838E-03     0.9263E-03     0.1838E-03     0.2269E-02     0.9958E-03
     0.0000E+00     0.0000E+00     0.5363E-03     0.1765E-03     0.8894E-03     0.1765E-03     0.2184E-02     0.8866E-03
     0.0000E+00     0.0000E+00     0.5143E-03     0.1694E-03     0.8530E-03     0.1694E-03     0.2098E-02     0.7874E-03
     0.0000E+00     0.0000E+00     0.4926E-03     0.1624E-03     0.8173E-03     0.1624E-03     0.2014E-02     0.6976E-03
     0.0000E+00     0.0000E+00     0.4714E-03     0.1555E-03     0.7823E-03     0.1555E-03     0.1930E-02     0.6167E-03
     0.0000E+00     0.0000E+00     0.4506E-03     0.1487E-03     0.7480E-03     0.1487E-03     0.1848E-02     0.5442E-03
     0.0000E+00     0.0000E+00     0.4303E-03     0.1421E-03     0.7145E-03     0.1421E-03     0.1767E-02     0.4794E-03
     0.0000E+00     0.0000E+00     0.4105E-03     0.1356E-03     0.6817E-03     0.1356E-03     0.1687E-02     0.4217E-03
     0.0000E+00     0.0000E+00     0.3912E-03     0.1293E-03     0.6498E-03     0.1293E-03     0.1609E-02     0.3705E-03
     0.0000E+00     0.0000E+00     0.3724E-03     0.1232E-03     0.6188E-03     0.1232E-03     0.1533E-02     0.3252E-03
     0.0000E+00     0.0000E+00     0.3542E-03     0.1172E-03     0.5886E-03     0.1172E-03     0.1459E-02     0.2853E-03
     0.0000E+00     0.0000E+00     0.3366E-03     0.1114E-03     0.5594E-03     0.1114E-03     0.1386E-02     0.2502E-03
     0.0000E+00     0.0000E+00     0.3194E-03     0.1058E-03     0.5310E-03     0.1058E-03     0.1316E-02     0.2193E-03
     0.0000E+00     0.0000E+00     0.3029E-03     0.1003E-03     0.5036E-03     0.1003E-03     0.1248E-02     0.1923E-03
     0.0000E+00     0.0000E+00     0.2869E-03     0.9507E-04     0.4771E-03     0.9507E-04     0.1182E-02     0.1686E-03
     0.0000E+00     0.0000E+00     0.0000E+00     0.0000E+00     0.0000E+00     0.0000E+00     0.0000E+00     0.0000E+00
     0.0000E+00     0.0000E+00     0.6183E-03     0.2044E-03     0.1027E-02     0.2044E-03     0.2473E-02     0.1256E-02
     0.0000E+00     0.0000E+00     0.5927E-03     0.1961E-03     0.9848E-03     0.1961E-03     0.2378E-02     0.1116E-02
     0.0000E+00     0.0000E+00     0.5676E-03     0.1878E-03     0.9432E-03     0.1878E-03     0.2284E-02     0.9891E-03
     0.0000E+00     0.0000E+00     0.5429E-03     0.1798E-03     0.9024E-03     0.1798E-03     0.2190E-02     0.8736E-03
     0.0000E+00     0.0000E+00     0.5188E-03     0.1718E-03     0.8625E-03     0.1718E-03     0.2097E-02     0.7693E-03
     0.0000E+00     0.0000E+00     0.4952E-03     0.1641E-03     0.8234E-03     0.1641E-03     0.2006E-02     0.6757E-03
     0.0000E+00     0.0000E+00     0.4722E-03     0.1565E-03     0.7853E-03     0.1565E-03     0.1916E-02     0.5921E-03
     0.0000E+00     0.0000E+00     0.4498E-03     0.1491E-03     0.7481E-03     0.1491E-03     0.1827E-02     0.5177E-03
     0.0000E+00     0.0000E+00     0.4280E-03     0.1420E-03     0.7119E-03     0.1420E-03     0.1740E-02     0.4518E-03
     0.0000E+00     0.0000E+00     0.4068E-03     0.1350E-03     0.6767E-03     0.1350E-03     0.1656E-02     0.3936E-03
     0.0000E+00     0.0000E+00     0.3862E-03     0.1282E-03     0.6426E-03     0.1282E-03     0.1573E-02     0.3424E-03
     0.0000E+00     0.0000E+00     0.3663E-03     0.1216E-03     0.6095E-03     0.1216E-03     0.1493E-02     0.2975E-03
     0.0000E+00     0.0000E+00     0.3470E-03     0.1152E-03     0.5775E-03     0.1152E-03     0.1415E-02     0.2583E-03
     0.0000E+00     0.0000E+00     0.3284E-03     0.1091E-03     0.5466E-03     0.1091E-03     0.1340E-02     0.2241E-03
     0.0000E+00     0.0000E+00     0.3105E-03     0.1031E-03     0.5168E-03     0.1031E-03     0.1267E-02     0.1944E-03
     0.0000E+00     0.0000E+00     0.2932E-03     0.9743E-04     0.4881E-03     0.9743E-04     0.1197E-02     0.1686E-03
     0.0000E+00     0.0000E+00     0.2766E-03     0.9193E-04     0.4605E-03     0.9193E-04     0.1129E-02     0.1463E-03
     0.0000E+00     0.0000E+00     0.2607E-03     0.8665E-04     0.4340E-03     0.8665E-04     0.1064E-02     0.1270E-03
     0.0000E+00     0.0000E+00     0.2454E-03     0.8159E-04     0.4086E-03     0.8159E-04     0.1002E-02     0.1103E-03
     0.0000E+00     0.0000E+00     0.0000E+00     0.0000E+00     0.0000E+00     0.0000E+00     0.0000E+00     0.0000E+00
     0.0000E+00     0.0000E+00     0.5800E-03     0.1926E-03     0.9653E-03     0.1926E-03     0.2320E-02     0.1005E-02
     0.0000E+00     0.0000E+00     0.5528E-03     0.1837E-03     0.9201E-03     0.1837E-03     0.2216E-02     0.8800E-03
     0.0000E+00     0.0000E+00     0.5263E-03     0.1749E-03     0.8761E-03     0.1749E-03     0.2114E-02     0.7684E-03
     0.0000E+00     0.0000E+00     0.5005E-03     0.1663E-03     0.8332E-03     0.1663E-03     0.2014E-02     0.6689E-03
     0.0000E+00     0.0000E+00     0.4754E-03     0.1580E-03     0.7915E-03     0.1580E-03     0.1916E-02     0.5807E-03
     0.0000E+00     0.0000E+00     0.4511E-03     0.1500E-03     0.7511E-03     0.1500E-03     0.1820E-02     0.5029E-03
     0.0000E+00     0.0000E+00     0.4276E-03     0.1422E-03     0.7119E-03     0.1422E-03     0.1727E-02     0.4345E-03
     0.0000E+00     0.0000E+00     0.4048E-03     0.1346E-03     0.6740E-03     0.1346E-03     0.1636E-02     0.3747E-03
     0.0000E+00     0.0000E+00     0.3828E-03     0.1273E-03     0.6374E-03     0.1273E-03     0.1549E-02     0.3226E-03
     0.0000E+00     0.0000E+00     0.3616E-03     0.1203E-03     0.6022E-03     0.1203E-03     0.1464E-02     0.2773E-03
     0.0000E+00     0.0000E+00     0.3412E-03     0.1135E-03     0.5682E-03     0.1135E-03     0.1382E-02     0.2382E-03
     0.0000E+00     0.0000E+00     0.3215E-03     0.1070E-03     0.5355E-03     0.1070E-03     0.1303E-02     0.2043E-03
     0.0000E+00     0.0000E+00     0.3027E-03     0.1007E-03     0.5042E-03     0.1007E-03     0.1227E-02     0.1752E-03
     0.0000E+00     0.0000E+00     0.2846E-03     0.9473E-04     0.4741E-03     0.9473E-04     0.1154E-02     0.1502E-03
     0.0000E+00     0.0000E+00     0.2674E-03     0.8899E-04     0.4454E-03     0.8899E-04     0.1084E-02     0.1288E-03
     0.0000E+00     0.0000E+00     0.2509E-03     0.8351E-04     0.4179E-03     0.8351E-04     0.1017E-02     0.1105E-03
     0.0000E+00     0.0000E+00     0.2351E-03     0.7827E-04     0.3917E-03     0.7827E-04     0.9535E-03     0.9488E-04
     0.0000E+00     0.0000E+00     0.2201E-03     0.7328E-04     0.3667E-03     0.7328E-04     0.8927E-03     0.8153E-04
     0.0000E+00     0.0000E+00     0.2058E-03     0.6853E-04     0.3429E-03     0.6853E-04     0.8348E-03     0.7015E-04
     0.0000E+00     0.0000E+00     0.0000E+00     0.0000E+00     0.0000E+00     0.0000E+00     0.0000E+00     0.0000E+00
     0.0000E+00     0.0000E+00     0.5371E-03     0.1788E-03     0.8947E-03     0.1788E-03     0.2149E-02     0.7852E-03
     0.0000E+00     0.0000E+00     0.5087E-03     0.1694E-03     0.8474E-03     0.1694E-03     0.2038E-02     0.6771E-03
     0.0000E+00     0.0000E+00     0.4813E-03     0.1602E-03     0.8017E-03     0.1602E-03     0.1930E-02     0.5822E-03
     0.0000E+00     0.0000E+00     0.4548E-03     0.1514E-03     0.7576E-03     0.1514E-03     0.1826E-02     0.4992E-03
     0.0000E+00     0.0000E+00     0.4292E-03     0.1429E-03     0.7151E-03     0.1429E-03     0.1725E-02     0.4269E-03
     0.0000E+00     0.0000E+00     0.4046E-03     0.1347E-03     0.6741E-03     0.1347E-03     0.1628E-02     0.3642E-03
     0.0000E+00     0.0000E+00     0.3810E-03     0.1269E-03     0.6347E-03     0.1269E-03     0.1534E-02     0.3101E-03
     0.0000E+00     0.0000E+00     0.3583E-03     0.1193E-03     0.5970E-03     0.1193E-03     0.1443E-02     0.2636E-03
     0.0000E+00     0.0000E+00     0.3366E-03     0.1121E-03     0.5608E-03     0.1121E-03     0.1356E-02     0.2237E-03
     0.0000E+00     0.0000E+00     0.3158E-03     0.1052E-03     0.5262E-03     0.1052E-03     0.1273E-02     0.1897E-03
     0.0000E+00     0.0000E+00     0.2960E-03     0.9858E-04     0.4931E-03     0.9858E-04     0.1194E-02     0.1607E-03
     0.0000E+00     0.0000E+00     0.2770E-03     0.9228E-04     0.4616E-03     0.9228E-04     0.1118E-02     0.1361E-03
     0.0000E+00     0.0000E+00     0.2590E-03     0.8628E-04     0.4316E-03     0.8628E-04     0.1045E-02     0.1152E-03
     0.0000E+00     0.0000E+00     0.2419E-03     0.8058E-04     0.4031E-03     0.8058E-04     0.9761E-03     0.9756E-04
     0.0000E+00     0.0000E+00     0.2256E-03     0.7517E-04     0.3760E-03     0.7517E-04     0.9105E-03     0.8267E-04
     0.0000E+00     0.0000E+00     0.2102E-03     0.7003E-04     0.3503E-03     0.7003E-04     0.8484E-03     0.7012E-04
     0.0000E+00     0.0000E+00     0.1956E-03     0.6518E-04     0.3260E-03     0.6518E-04     0.7896E-03     0.5955E-04
     0.0000E+00     0.0000E+00     0.1819E-03     0.6059E-04     0.3030E-03     0.6059E-04     0.7339E-03     0.5066E-04
     0.0000E+00     0.0000E+00     0.1688E-03     0.5626E-04     0.2814E-03     0.5626E-04     0.6814E-03     0.4317E-04
     0.0000E+00     0.0000E+00     0.0000E+00     0.0000E+00     0.0000E+00     0.0000E+00     0.0000E+00     0.0000E+00
     0.0000E+00     0.0000E+00     0.4902E-03     0.1633E-03     0.8168E-03     0.1633E-03     0.1961E-02     0.5975E-03
     0.0000E+00     0.0000E+00     0.4611E-03     0.1536E-03     0.7683E-03     0.1536E-03     0.1846E-02     0.5068E-03
     0.0000E+00     0.0000E+00     0.4332E-03     0.1443E-03     0.7219E-03     0.1443E-03     0.1736E-02     0.4287E-03
     0.0000E+00     0.0000E+00     0.4065E-03     0.1354E-03     0.6774E-03     0.1354E-03     0.1630E-02     0.3617E-03
     0.0000E+00     0.0000E+00     0.3810E-03     0.1269E-03     0.6348E-03     0.1269E-03     0.1529E-02     0.3044E-03
     0.0000E+00     0.0000E+00     0.3566E-03     0.1188E-03     0.5942E-03     0.1188E-03     0.1432E-02     0.2556E-03
     0.0000E+00     0.0000E+00     0.3334E-03     0.1111E-03     0.5556E-03     0.1111E-03     0.1339E-02     0.2143E-03
     0.0000E+00     0.0000E+00     0.3113E-03     0.1037E-03     0.5187E-03     0.1037E-03     0.1251E-02     0.1794E-03
     0.0000E+00     0.0000E+00     0.2903E-03     0.9674E-04     0.4838E-03     0.9674E-04     0.1167E-02     0.1500E-03
     0.0000E+00     0.0000E+00     0.2704E-03     0.9011E-04     0.4506E-03     0.9011E-04     0.1087E-02     0.1253E-03
     0.0000E+00     0.0000E+00     0.2515E-03     0.8383E-04     0.4192E-03     0.8383E-04     0.1011E-02     0.1046E-03
     0.0000E+00     0.0000E+00     0.2337E-03     0.7789E-04     0.3895E-03     0.7789E-04     0.9398E-03     0.8739E-04
     0.0000E+00     0.0000E+00     0.2169E-03     0.7228E-04     0.3615E-03     0.7228E-04     0.8722E-03     0.7301E-04
     0.0000E+00     0.0000E+00     0.2010E-03     0.6700E-04     0.3350E-03     0.6700E-04     0.8085E-03     0.6105E-04
     0.0000E+00     0.0000E+00     0.1861E-03     0.6202E-04     0.3102E-03     0.6202E-04     0.7485E-03     0.5111E-04
     0.0000E+00     0.0000E+00     0.1721E-03     0.5735E-04     0.2868E-03     0.5735E-04     0.6921E-03     0.4285E-04
     0.0000E+00     0.0000E+00     0.1589E-03     0.5296E-04     0.2648E-03     0.5296E-04     0.6392E-03     0.3600E-04
     0.0000E+00     0.0000E+00     0.1466E-03     0.4885E-04     0.2443E-03     0.4885E-04     0.5896E-03     0.3031E-04
     0.0000E+00     0.0000E+00     0.1351E-03     0.4501E-04     0.2251E-03     0.4501E-04     0.5432E-03     0.2558E-04
     0.0000E+00     0.0000E+00     0.0000E+00     0.0000E+00     0.0000E+00     0.0000E+00     0.0000E+00     0.0000E+00
     0.0000E+00     0.0000E+00     0.4400E-03     0.1466E-03     0.7332E-03     0.1466E-03     0.1760E-02     0.4409E-03
     0.0000E+00     0.0000E+00     0.4107E-03     0.1369E-03     0.6845E-03     0.1369E-03     0.1644E-02     0.3674E-03
     0.0000E+00     0.0000E+00     0.3830E-03     0.1276E-03     0.6382E-03     0.1276E-03     0.1533E-02     0.3054E-03
     0.0000E+00     0.0000E+00     0.3566E-03     0.1189E-03     0.5943E-03     0.1189E-03     0.1429E-02     0.2532E-03
     0.0000E+00     0.0000E+00     0.3317E-03     0.1105E-03     0.5527E-03     0.1105E-03     0.1329E-02     0.2095E-03
     0.0000E+00     0.0000E+00     0.3080E-03     0.1027E-03     0.5134E-03     0.1027E-03     0.1235E-02     0.1729E-03
     0.0000E+00     0.0000E+00     0.2857E-03     0.9524E-04     0.4762E-03     0.9524E-04     0.1146E-02     0.1426E-03
     0.0000E+00     0.0000E+00     0.2647E-03     0.8823E-04     0.4412E-03     0.8823E-04     0.1062E-02     0.1174E-03
     0.0000E+00     0.0000E+00     0.2449E-03     0.8163E-04     0.4082E-03     0.8163E-04     0.9824E-03     0.9661E-04
     0.0000E+00     0.0000E+00     0.2263E-03     0.7543E-04     0.3772E-03     0.7543E-04     0.9079E-03     0.7947E-04
     0.0000E+00     0.0000E+00     0.2088E-03     0.6961E-04     0.3481E-03     0.6961E-04     0.8379E-03     0.6538E-04
     0.0000E+00     0.0000E+00     0.1925E-03     0.6416E-04     0.3208E-03     0.6416E-04     0.7723E-03     0.5382E-04
     0.0000E+00     0.0000E+00     0.1772E-03     0.5905E-04     0.2953E-03     0.5905E-04     0.7110E-03     0.4434E-04
     0.0000E+00     0.0000E+00     0.1629E-03     0.5429E-04     0.2715E-03     0.5429E-04     0.6536E-03     0.3659E-04
     0.0000E+00     0.0000E+00     0.1495E-03     0.4985E-04     0.2492E-03     0.4985E-04     0.6001E-03     0.3025E-04
     0.0000E+00     0.0000E+00     0.1371E-03     0.4571E-04     0.2286E-03     0.4571E-04     0.5503E-03     0.2507E-04
     0.0000E+00     0.0000E+00     0.1256E-03     0.4186E-04     0.2093E-03     0.4186E-04     0.5040E-03     0.2083E-04
     0.0000E+00     0.0000E+00     0.1149E-03     0.3829E-04     0.1915E-03     0.3829E-04     0.4610E-03     0.1736E-04
     0.0000E+00     0.0000E+00     0.1050E-03     0.3498E-04     0.1749E-03     0.3498E-04     0.4212E-03     0.1451E-04
     0.0000E+00     0.0000E+00     0.0000E+00     0.0000E+00     0.0000E+00     0.0000E+00     0.0000E+00     0.0000E+00
     0.0000E+00     0.0000E+00     0.3874E-03     0.1291E-03     0.6457E-03     0.1291E-03     0.1550E-02     0.3138E-03
     0.0000E+00     0.0000E+00     0.3587E-03     0.1196E-03     0.5978E-03     0.1196E-03     0.1435E-02     0.2564E-03
     0.0000E+00     0.0000E+00     0.3317E-03     0.1105E-03     0.5527E-03     0.1105E-03     0.1327E-02     0.2092E-03
     0.0000E+00     0.0000E+00     0.3062E-03     0.1021E-03     0.5104E-03     0.1021E-03     0.1226E-02     0.1702E-03
     0.0000E+00     0.0000E+00     0.2824E-03     0.9413E-04     0.4706E-03     0.9413E-04     0.1131E-02     0.1382E-03
     0.0000E+00     0.0000E+00     0.2600E-03     0.8668E-04     0.4334E-03     0.8668E-04     0.1041E-02     0.1120E-03
     0.0000E+00     0.0000E+00     0.2391E-03     0.7971E-04     0.3986E-03     0.7971E-04     0.9578E-03     0.9072E-04
     0.0000E+00     0.0000E+00     0.2196E-03     0.7321E-04     0.3661E-03     0.7321E-04     0.8798E-03     0.7340E-04
     0.0000E+00     0.0000E+00     0.2014E-03     0.6714E-04     0.3357E-03     0.6714E-04     0.8070E-03     0.5938E-04
     0.0000E+00     0.0000E+00     0.1845E-03     0.6150E-04     0.3075E-03     0.6150E-04     0.7392E-03     0.4804E-04
     0.0000E+00     0.0000E+00     0.1688E-03     0.5625E-04     0.2813E-03     0.5625E-04     0.6762E-03     0.3890E-04
     0.0000E+00     0.0000E+00     0.1542E-03     0.5139E-04     0.2569E-03     0.5139E-04     0.6177E-03     0.3154E-04
     0.0000E+00     0.0000E+00     0.1406E-03     0.4688E-04     0.2344E-03     0.4688E-04     0.5635E-03     0.2561E-04
     0.0000E+00     0.0000E+00     0.1281E-03     0.4271E-04     0.2136E-03     0.4271E-04     0.5134E-03     0.2085E-04
     0.0000E+00     0.0000E+00     0.1166E-03     0.3886E-04     0.1943E-03     0.3886E-04     0.4672E-03     0.1702E-04
     0.0000E+00     0.0000E+00     0.1059E-03     0.3531E-04     0.1766E-03     0.3531E-04     0.4245E-03     0.1393E-04
     0.0000E+00     0.0000E+00     0.9614E-04     0.3205E-04     0.1602E-03     0.3205E-04     0.3852E-03     0.1145E-04
     0.0000E+00     0.0000E+00     0.8713E-04     0.2904E-04     0.1452E-03     0.2904E-04     0.3492E-03     0.9440E-05
     0.0000E+00     0.0000E+00     0.7887E-04     0.2629E-04     0.1314E-03     0.2629E-04     0.3160E-03     0.7816E-05
     0.0000E+00     0.0000E+00     0.0000E+00     0.0000E+00     0.0000E+00     0.0000E+00     0.0000E+00     0.0000E+00
     0.0000E+00     0.0000E+00     0.3337E-03     0.1112E-03     0.5562E-03     0.1112E-03     0.1335E-02     0.2139E-03
     0.0000E+00     0.0000E+00     0.3061E-03     0.1020E-03     0.5102E-03     0.1020E-03     0.1225E-02     0.1711E-03
     0.0000E+00     0.0000E+00     0.2804E-03     0.9346E-04     0.4673E-03     0.9346E-04     0.1122E-02     0.1367E-03
     0.0000E+00     0.0000E+00     0.2565E-03     0.8549E-04     0.4274E-03     0.8549E-04     0.1026E-02     0.1089E-03
     0.0000E+00     0.0000E+00     0.2343E-03     0.7809E-04     0.3904E-03     0.7809E-04     0.9375E-03     0.8668E-04
     0.0000E+00     0.0000E+00     0.2137E-03     0.7122E-04     0.3561E-03     0.7122E-04     0.8552E-03     0.6888E-04
     0.0000E+00     0.0000E+00     0.1946E-03     0.6488E-04     0.3244E-03     0.6488E-04     0.7790E-03     0.5470E-04
     0.0000E+00     0.0000E+00     0.1770E-03     0.5901E-04     0.2950E-03     0.5901E-04     0.7086E-03     0.4343E-04
     0.0000E+00     0.0000E+00     0.1608E-03     0.5360E-04     0.2680E-03     0.5360E-04     0.6436E-03     0.3449E-04
     0.0000E+00     0.0000E+00     0.1458E-03     0.4861E-04     0.2431E-03     0.4861E-04     0.5838E-03     0.2741E-04
     0.0000E+00     0.0000E+00     0.1321E-03     0.4403E-04     0.2202E-03     0.4403E-04     0.5288E-03     0.2183E-04
     0.0000E+00     0.0000E+00     0.1195E-03     0.3983E-04     0.1991E-03     0.3983E-04     0.4783E-03     0.1741E-04
     0.0000E+00     0.0000E+00     0.1079E-03     0.3597E-04     0.1799E-03     0.3597E-04     0.4320E-03     0.1393E-04
     0.0000E+00     0.0000E+00     0.9734E-04     0.3245E-04     0.1622E-03     0.3245E-04     0.3897E-03     0.1118E-04
     0.0000E+00     0.0000E+00     0.8768E-04     0.2923E-04     0.1461E-03     0.2923E-04     0.3510E-03     0.9003E-05
     0.0000E+00     0.0000E+00     0.7888E-04     0.2629E-04     0.1315E-03     0.2629E-04     0.3158E-03     0.7282E-05
     0.0000E+00     0.0000E+00     0.7086E-04     0.2362E-04     0.1181E-03     0.2362E-04     0.2837E-03     0.5915E-05
     0.0000E+00     0.0000E+00     0.6357E-04     0.2119E-04     0.1059E-03     0.2119E-04     0.2545E-03     0.4828E-05
     0.0000E+00     0.0000E+00     0.5695E-04     0.1898E-04     0.9492E-04     0.1898E-04     0.2280E-03     0.3959E-05
     0.0000E+00     0.0000E+00     0.0000E+00     0.0000E+00     0.0000E+00     0.0000E+00     0.0000E+00     0.0000E+00
     0.0000E+00     0.0000E+00     0.2800E-03     0.9332E-04     0.4666E-03     0.9332E-04     0.1120E-02     0.1382E-03
     0.0000E+00     0.0000E+00     0.2541E-03     0.8470E-04     0.4235E-03     0.8470E-04     0.1016E-02     0.1080E-03
     0.0000E+00     0.0000E+00     0.2303E-03     0.7677E-04     0.3838E-03     0.7677E-04     0.9213E-03     0.8428E-04
     0.0000E+00     0.0000E+00     0.2084E-03     0.6948E-04     0.3474E-03     0.6948E-04     0.8338E-03     0.6567E-04
     0.0000E+00     0.0000E+00     0.1884E-03     0.6279E-04     0.3139E-03     0.6279E-04     0.7536E-03     0.5109E-04
     0.0000E+00     0.0000E+00     0.1700E-03     0.5666E-04     0.2833E-03     0.5666E-04     0.6800E-03     0.3972E-04
     0.0000E+00     0.0000E+00     0.1532E-03     0.5105E-04     0.2553E-03     0.5105E-04     0.6127E-03     0.3087E-04
     0.0000E+00     0.0000E+00     0.1378E-03     0.4593E-04     0.2297E-03     0.4593E-04     0.5513E-03     0.2401E-04
     0.0000E+00     0.0000E+00     0.1238E-03     0.4127E-04     0.2063E-03     0.4127E-04     0.4953E-03     0.1869E-04
     0.0000E+00     0.0000E+00     0.1111E-03     0.3702E-04     0.1851E-03     0.3702E-04     0.4444E-03     0.1458E-04
     0.0000E+00     0.0000E+00     0.9948E-04     0.3316E-04     0.1658E-03     0.3316E-04     0.3981E-03     0.1140E-04
     0.0000E+00     0.0000E+00     0.8899E-04     0.2966E-04     0.1483E-03     0.2966E-04     0.3561E-03     0.8939E-05
     0.0000E+00     0.0000E+00     0.7948E-04     0.2649E-04     0.1325E-03     0.2649E-04     0.3180E-03     0.7038E-05
     0.0000E+00     0.0000E+00     0.7089E-04     0.2363E-04     0.1182E-03     0.2363E-04     0.2837E-03     0.5566E-05
     0.0000E+00     0.0000E+00     0.6314E-04     0.2105E-04     0.1052E-03     0.2105E-04     0.2527E-03     0.4423E-05
     0.0000E+00     0.0000E+00     0.5616E-04     0.1872E-04     0.9360E-04     0.1872E-04     0.2247E-03     0.3533E-05
     0.0000E+00     0.0000E+00     0.4988E-04     0.1663E-04     0.8313E-04     0.1663E-04     0.1996E-03     0.2837E-05
     0.0000E+00     0.0000E+00     0.4424E-04     0.1475E-04     0.7373E-04     0.1475E-04     0.1770E-03     0.2291E-05
     0.0000E+00     0.0000E+00     0.3918E-04     0.1306E-04     0.6530E-04     0.1306E-04     0.1568E-03     0.1861E-05
     0.0000E+00     0.0000E+00     0.0000E+00     0.0000E+00     0.0000E+00     0.0000E+00     0.0000E+00     0.0000E+00
     0.0000E+00     0.0000E+00     0.2274E-03     0.7579E-04     0.3789E-03     0.7579E-04     0.9094E-03     0.8359E-04
     0.0000E+00     0.0000E+00     0.2039E-03     0.6796E-04     0.3398E-03     0.6796E-04     0.8155E-03     0.6354E-04
     0.0000E+00     0.0000E+00     0.1826E-03     0.6085E-04     0.3043E-03     0.6085E-04     0.7302E-03     0.4831E-04
     0.0000E+00     0.0000E+00     0.1632E-03     0.5441E-04     0.2720E-03     0.5441E-04     0.6529E-03     0.3670E-04
     0.0000E+00     0.0000E+00     0.1457E-03     0.4857E-04     0.2428E-03     0.4857E-04     0.5828E-03     0.2784E-04
     0.0000E+00     0.0000E+00     0.1299E-03     0.4329E-04     0.2165E-03     0.4329E-04     0.5195E-03     0.2112E-04
     0.0000E+00     0.0000E+00     0.1156E-03     0.3853E-04     0.1926E-03     0.3853E-04     0.4624E-03     0.1603E-04
     0.0000E+00     0.0000E+00     0.1027E-03     0.3424E-04     0.1712E-03     0.3424E-04     0.4109E-03     0.1218E-04
     0.0000E+00     0.0000E+00     0.9113E-04     0.3038E-04     0.1519E-03     0.3038E-04     0.3645E-03     0.9282E-05
     0.0000E+00     0.0000E+00     0.8073E-04     0.2691E-04     0.1346E-03     0.2691E-04     0.3230E-03     0.7092E-05
     0.0000E+00     0.0000E+00     0.7141E-04     0.2380E-04     0.1190E-03     0.2380E-04     0.2857E-03     0.5439E-05
     0.0000E+00     0.0000E+00     0.6307E-04     0.2102E-04     0.1051E-03     0.2102E-04     0.2523E-03     0.4190E-05
     0.0000E+00     0.0000E+00     0.5562E-04     0.1854E-04     0.9271E-04     0.1854E-04     0.2225E-03     0.3245E-05
     0.0000E+00     0.0000E+00     0.4898E-04     0.1633E-04     0.8163E-04     0.1633E-04     0.1959E-03     0.2527E-05
     0.0000E+00     0.0000E+00     0.4307E-04     0.1436E-04     0.7178E-04     0.1436E-04     0.1723E-03     0.1981E-05
     0.0000E+00     0.0000E+00     0.3781E-04     0.1260E-04     0.6302E-04     0.1260E-04     0.1513E-03     0.1562E-05
     0.0000E+00     0.0000E+00     0.3315E-04     0.1105E-04     0.5525E-04     0.1105E-04     0.1326E-03     0.1240E-05
     0.0000E+00     0.0000E+00     0.2902E-04     0.9673E-05     0.4837E-04     0.9673E-05     0.1161E-03     0.9909E-06
     0.0000E+00     0.0000E+00     0.2537E-04     0.8456E-05     0.4228E-04     0.8456E-05     0.1015E-03     0.7967E-06
     0.0000E+00     0.0000E+00     0.0000E+00     0.0000E+00     0.0000E+00     0.0000E+00     0.0000E+00     0.0000E+00
     0.0000E+00     0.0000E+00     0.1771E-03     0.5904E-04     0.2952E-03     0.5904E-04     0.7085E-03     0.4632E-04
     0.0000E+00     0.0000E+00     0.1566E-03     0.5220E-04     0.2610E-03     0.5220E-04     0.6264E-03     0.3411E-04
     0.0000E+00     0.0000E+00     0.1383E-03     0.4609E-04     0.2304E-03     0.4609E-04     0.5530E-03     0.2517E-04
     0.0000E+00     0.0000E+00     0.1219E-03     0.4062E-04     0.2031E-03     0.4062E-04     0.4875E-03     0.1857E-04
     0.0000E+00     0.0000E+00     0.1073E-03     0.3575E-04     0.1788E-03     0.3575E-04     0.4290E-03     0.1369E-04
     0.0000E+00     0.0000E+00     0.9423E-04     0.3141E-04     0.1571E-03     0.3141E-04     0.3769E-03     0.1010E-04
     0.0000E+00     0.0000E+00     0.8266E-04     0.2755E-04     0.1378E-03     0.2755E-04     0.3306E-03     0.7468E-05
     0.0000E+00     0.0000E+00     0.7240E-04     0.2413E-04     0.1207E-03     0.2413E-04     0.2896E-03     0.5534E-05
     0.0000E+00     0.0000E+00     0.6331E-04     0.2110E-04     0.1055E-03     0.2110E-04     0.2532E-03     0.4116E-05
     0.0000E+00     0.0000E+00     0.5527E-04     0.1842E-04     0.9212E-04     0.1842E-04     0.2211E-03     0.3075E-05
     0.0000E+00     0.0000E+00     0.4818E-04     0.1606E-04     0.8030E-04     0.1606E-04     0.1927E-03     0.2310E-05
     0.0000E+00     0.0000E+00     0.4193E-04     0.1398E-04     0.6988E-04     0.1398E-04     0.1677E-03     0.1746E-05
     0.0000E+00     0.0000E+00     0.3643E-04     0.1214E-04     0.6072E-04     0.1214E-04     0.1457E-03     0.1329E-05
     0.0000E+00     0.0000E+00     0.3161E-04     0.1054E-04     0.5268E-04     0.1054E-04     0.1264E-03     0.1019E-05
     0.0000E+00     0.0000E+00     0.2738E-04     0.9126E-05     0.4563E-04     0.9126E-05     0.1095E-03     0.7875E-06
     0.0000E+00     0.0000E+00     0.2368E-04     0.7893E-05     0.3947E-04     0.7893E-05     0.9472E-04     0.6131E-06
     0.0000E+00     0.0000E+00     0.2045E-04     0.6816E-05     0.3408E-04     0.6816E-05     0.8180E-04     0.4810E-06
     0.0000E+00     0.0000E+00     0.1763E-04     0.5878E-05     0.2939E-04     0.5878E-05     0.7053E-04     0.3800E-06
     0.0000E+00     0.0000E+00     0.1518E-04     0.5061E-05     0.2530E-04     0.5061E-05     0.6073E-04     0.3022E-06
     0.0000E+00     0.0000E+00     0.0000E+00     0.0000E+00     0.0000E+00     0.0000E+00     0.0000E+00     0.0000E+00
     0.0000E+00     0.0000E+00     0.1305E-03     0.4350E-04     0.2175E-03     0.4350E-04     0.5220E-03     0.2278E-04
     0.0000E+00     0.0000E+00     0.1134E-03     0.3781E-04     0.1891E-03     0.3781E-04     0.4538E-03     0.1615E-04
     0.0000E+00     0.0000E+00     0.9847E-04     0.3282E-04     0.1641E-03     0.3282E-04     0.3939E-03     0.1150E-04
     0.0000E+00     0.0000E+00     0.8533E-04     0.2844E-04     0.1422E-03     0.2844E-04     0.3413E-03     0.8211E-05
     0.0000E+00     0.0000E+00     0.7382E-04     0.2461E-04     0.1230E-03     0.2461E-04     0.2953E-03     0.5854E-05
     0.0000E+00     0.0000E+00     0.6375E-04     0.2125E-04     0.1063E-03     0.2125E-04     0.2550E-03     0.4183E-05
     0.0000E+00     0.0000E+00     0.5497E-04     0.1832E-04     0.9162E-04     0.1832E-04     0.2199E-03     0.3001E-05
     0.0000E+00     0.0000E+00     0.4732E-04     0.1577E-04     0.7886E-04     0.1577E-04     0.1893E-03     0.2162E-05
     0.0000E+00     0.0000E+00     0.4066E-04     0.1355E-04     0.6777E-04     0.1355E-04     0.1626E-03     0.1566E-05
     0.0000E+00     0.0000E+00     0.3488E-04     0.1163E-04     0.5814E-04     0.1163E-04     0.1395E-03     0.1142E-05
     0.0000E+00     0.0000E+00     0.2988E-04     0.9959E-05     0.4980E-04     0.9959E-05     0.1195E-03     0.8389E-06
     0.0000E+00     0.0000E+00     0.2555E-04     0.8516E-05     0.4258E-04     0.8516E-05     0.1022E-03     0.6216E-06
     0.0000E+00     0.0000E+00     0.2181E-04     0.7270E-05     0.3635E-04     0.7270E-05     0.8723E-04     0.4647E-06
     0.0000E+00     0.0000E+00     0.1859E-04     0.6196E-05     0.3098E-04     0.6196E-05     0.7435E-04     0.3506E-06
     0.0000E+00     0.0000E+00     0.1582E-04     0.5272E-05     0.2636E-04     0.5272E-05     0.6326E-04     0.2669E-06
     0.0000E+00     0.0000E+00     0.1344E-04     0.4479E-05     0.2239E-04     0.4479E-05     0.5374E-04     0.2050E-06
     0.0000E+00     0.0000E+00     0.1140E-04     0.3799E-05     0.1899E-04     0.3799E-05     0.4558E-04     0.1587E-06
     0.0000E+00     0.0000E+00     0.9651E-05     0.3217E-05     0.1609E-04     0.3217E-05     0.3860E-04     0.1238E-06
     0.0000E+00     0.0000E+00     0.8160E-05     0.2720E-05     0.1360E-04     0.2720E-05     0.3264E-04     0.9727E-07
     0.0000E+00     0.0000E+00     0.0000E+00     0.0000E+00     0.0000E+00     0.0000E+00     0.0000E+00     0.0000E+00
     0.0000E+00     0.0000E+00     0.8872E-04     0.2957E-04     0.1479E-03     0.2957E-04     0.3549E-03     0.9408E-05
     0.0000E+00     0.0000E+00     0.7550E-04     0.2517E-04     0.1258E-03     0.2517E-04     0.3020E-03     0.6361E-05
     0.0000E+00     0.0000E+00     0.6417E-04     0.2139E-04     0.1069E-03     0.2139E-04     0.2567E-03     0.4341E-05
     0.0000E+00     0.0000E+00     0.5444E-04     0.1815E-04     0.9073E-04     0.1815E-04     0.2178E-03     0.2981E-05
     0.0000E+00     0.0000E+00     0.4611E-04     0.1537E-04     0.7684E-04     0.1537E-04     0.1844E-03     0.2042E-05
     0.0000E+00     0.0000E+00     0.3898E-04     0.1299E-04     0.6496E-04     0.1299E-04     0.1559E-03     0.1405E-05
     0.0000E+00     0.0000E+00     0.3290E-04     0.1097E-04     0.5483E-04     0.1097E-04     0.1316E-03     0.9737E-06
     0.0000E+00     0.0000E+00     0.2771E-04     0.9238E-05     0.4619E-04     0.9238E-05     0.1108E-03     0.6792E-06
     0.0000E+00     0.0000E+00     0.2331E-04     0.7768E-05     0.3884E-04     0.7768E-05     0.9322E-04     0.4776E-06
     0.0000E+00     0.0000E+00     0.1956E-04     0.6522E-05     0.3261E-04     0.6522E-05     0.7826E-04     0.3392E-06
     0.0000E+00     0.0000E+00     0.1640E-04     0.5465E-05     0.2733E-04     0.5465E-05     0.6558E-04     0.2433E-06
     0.0000E+00     0.0000E+00     0.1372E-04     0.4572E-05     0.2286E-04     0.4572E-05     0.5486E-04     0.1765E-06
     0.0000E+00     0.0000E+00     0.1145E-04     0.3818E-05     0.1909E-04     0.3818E-05     0.4582E-04     0.1295E-06
     0.0000E+00     0.0000E+00     0.9550E-05     0.3183E-05     0.1592E-04     0.3183E-05     0.3820E-04     0.9600E-07
     0.0000E+00     0.0000E+00     0.7948E-05     0.2649E-05     0.1325E-04     0.2649E-05     0.3179E-04     0.7192E-07
     0.0000E+00     0.0000E+00     0.6604E-05     0.2201E-05     0.1101E-04     0.2201E-05     0.2642E-04     0.5440E-07
     0.0000E+00     0.0000E+00     0.5478E-05     0.1826E-05     0.9130E-05     0.1826E-05     0.2191E-04     0.4149E-07
     0.0000E+00     0.0000E+00     0.4537E-05     0.1512E-05     0.7561E-05     0.1512E-05     0.1815E-04     0.3188E-07
     0.0000E+00     0.0000E+00     0.3751E-05     0.1250E-05     0.6251E-05     0.1250E-05     0.1500E-04     0.2465E-07
     0.0000E+00     0.0000E+00     0.0000E+00     0.0000E+00     0.0000E+00     0.0000E+00     0.0000E+00     0.0000E+00
     0.0000E+00     0.0000E+00     0.5304E-04     0.1768E-04     0.8841E-04     0.1768E-04     0.2122E-03     0.2931E-05
     0.0000E+00     0.0000E+00     0.4390E-04     0.1463E-04     0.7317E-04     0.1463E-04     0.1756E-03     0.1861E-05
     0.0000E+00     0.0000E+00     0.3629E-04     0.1210E-04     0.6048E-04     0.1210E-04     0.1452E-03     0.1202E-05
     0.0000E+00     0.0000E+00     0.2994E-04     0.9981E-05     0.4990E-04     0.9981E-05     0.1198E-03     0.7899E-06
     0.0000E+00     0.0000E+00     0.2466E-04     0.8219E-05     0.4110E-04     0.8219E-05     0.9863E-04     0.5147E-06
     0.0000E+00     0.0000E+00     0.2027E-04     0.6756E-05     0.3378E-04     0.6756E-05     0.8107E-04     0.3371E-06
     0.0000E+00     0.0000E+00     0.1663E-04     0.5543E-05     0.2771E-04     0.5543E-05     0.6651E-04     0.2249E-06
     0.0000E+00     0.0000E+00     0.1362E-04     0.4539E-05     0.2269E-04     0.4539E-05     0.5447E-04     0.1513E-06
     0.0000E+00     0.0000E+00     0.1113E-04     0.3710E-05     0.1855E-04     0.3710E-05     0.4452E-04     0.1027E-06
     0.0000E+00     0.0000E+00     0.9081E-05     0.3027E-05     0.1513E-04     0.3027E-05     0.3632E-04     0.7089E-07
     0.0000E+00     0.0000E+00     0.7395E-05     0.2465E-05     0.1233E-04     0.2465E-05     0.2958E-04     0.4961E-07
     0.0000E+00     0.0000E+00     0.6011E-05     0.2004E-05     0.1002E-04     0.2004E-05     0.2405E-04     0.3514E-07
     0.0000E+00     0.0000E+00     0.4878E-05     0.1626E-05     0.8130E-05     0.1626E-05     0.1951E-04     0.2525E-07
     0.0000E+00     0.0000E+00     0.3951E-05     0.1317E-05     0.6585E-05     0.1317E-05     0.1580E-04     0.1837E-07
     0.0000E+00     0.0000E+00     0.3194E-05     0.1065E-05     0.5324E-05     0.1065E-05     0.1278E-04     0.1349E-07
     0.0000E+00     0.0000E+00     0.2578E-05     0.8594E-06     0.4297E-05     0.8594E-06     0.1031E-04     0.1001E-07
     0.0000E+00     0.0000E+00     0.2077E-05     0.6924E-06     0.3462E-05     0.6924E-06     0.8309E-05     0.7482E-08
     0.0000E+00     0.0000E+00     0.1671E-05     0.5569E-06     0.2785E-05     0.5569E-06     0.6683E-05     0.5625E-08
     0.0000E+00     0.0000E+00     0.1342E-05     0.4472E-06     0.2236E-05     0.4472E-06     0.5366E-05     0.4252E-08
     0.0000E+00     0.0000E+00     0.0000E+00     0.0000E+00     0.0000E+00     0.0000E+00     0.0000E+00     0.0000E+00
     0.0000E+00     0.0000E+00     0.2490E-04     0.8300E-05     0.4150E-04     0.8300E-05     0.9960E-04     0.5345E-06
     0.0000E+00     0.0000E+00     0.1976E-04     0.6588E-05     0.3294E-04     0.6588E-05     0.7906E-04     0.3091E-06
     0.0000E+00     0.0000E+00     0.1568E-04     0.5228E-05     0.2614E-04     0.5228E-05     0.6273E-04     0.1851E-06
     0.0000E+00     0.0000E+00     0.1243E-04     0.4142E-05     0.2071E-04     0.4142E-05     0.4970E-04     0.1160E-06
     0.0000E+00     0.0000E+00     0.9825E-05     0.3275E-05     0.1638E-04     0.3275E-05     0.3930E-04     0.7050E-07
     0.0000E+00     0.0000E+00     0.7755E-05     0.2585E-05     0.1293E-04     0.2585E-05     0.3102E-04     0.4259E-07
     0.0000E+00     0.0000E+00     0.6110E-05     0.2037E-05     0.1018E-04     0.2037E-05     0.2444E-04     0.2736E-07
     0.0000E+00     0.0000E+00     0.4805E-05     0.1602E-05     0.8009E-05     0.1602E-05     0.1922E-04     0.1788E-07
     0.0000E+00     0.0000E+00     0.3772E-05     0.1257E-05     0.6287E-05     0.1257E-05     0.1509E-04     0.1149E-07
     0.0000E+00     0.0000E+00     0.2955E-05     0.9851E-06     0.4925E-05     0.9851E-06     0.1182E-04     0.7633E-08
     0.0000E+00     0.0000E+00     0.2311E-05     0.7703E-06     0.3852E-05     0.7703E-06     0.9244E-05     0.5271E-08
     0.0000E+00     0.0000E+00     0.1804E-05     0.6012E-06     0.3006E-05     0.6012E-06     0.7215E-05     0.3627E-08
     0.0000E+00     0.0000E+00     0.1405E-05     0.4683E-06     0.2342E-05     0.4683E-06     0.5620E-05     0.2519E-08
     0.0000E+00     0.0000E+00     0.1092E-05     0.3641E-06     0.1821E-05     0.3641E-06     0.4369E-05     0.1796E-08
     0.0000E+00     0.0000E+00     0.8476E-06     0.2825E-06     0.1413E-05     0.2825E-06     0.3390E-05     0.1284E-08
     0.0000E+00     0.0000E+00     0.6564E-06     0.2188E-06     0.1094E-05     0.2188E-06     0.2625E-05     0.9189E-09
     0.0000E+00     0.0000E+00     0.5073E-06     0.1691E-06     0.8455E-06     0.1691E-06     0.2029E-05     0.6668E-09
     0.0000E+00     0.0000E+00     0.3913E-06     0.1304E-06     0.6522E-06     0.1304E-06     0.1565E-05     0.4847E-09
     0.0000E+00     0.0000E+00     0.3013E-06     0.1004E-06     0.5021E-06     0.1004E-06     0.1205E-05     0.3507E-09
     0.0000E+00     0.0000E+00     0.0000E+00     0.0000E+00     0.0000E+00     0.0000E+00     0.0000E+00     0.0000E+00
     0.0000E+00     0.0000E+00     0.6091E-05     0.2030E-05     0.1015E-04     0.2030E-05     0.2436E-04     0.2282E-07
     0.0000E+00     0.0000E+00     0.4497E-05     0.1499E-05     0.7496E-05     0.1499E-05     0.1799E-04     0.1070E-07
     0.0000E+00     0.0000E+00     0.3322E-05     0.1107E-05     0.5537E-05     0.1107E-05     0.1329E-04     0.5779E-08
     0.0000E+00     0.0000E+00     0.2448E-05     0.8160E-06     0.4080E-05     0.8160E-06     0.9792E-05     0.4083E-08
     0.0000E+00     0.0000E+00     0.1795E-05     0.5984E-06     0.2992E-05     0.5984E-06     0.7181E-05     0.2368E-08
     0.0000E+00     0.0000E+00     0.1312E-05     0.4372E-06     0.2186E-05     0.4372E-06     0.5247E-05     0.1090E-08
     0.0000E+00     0.0000E+00     0.9547E-06     0.3182E-06     0.1591E-05     0.3182E-06     0.3819E-05     0.8345E-09
     0.0000E+00     0.0000E+00     0.6917E-06     0.2306E-06     0.1153E-05     0.2306E-06     0.2767E-05     0.7180E-09
     0.0000E+00     0.0000E+00     0.4989E-06     0.1663E-06     0.8314E-06     0.1663E-06     0.1995E-05     0.3660E-09
     0.0000E+00     0.0000E+00     0.3580E-06     0.1193E-06     0.5966E-06     0.1193E-06     0.1432E-05     0.1734E-09
     0.0000E+00     0.0000E+00     0.2555E-06     0.8516E-07     0.4258E-06     0.8516E-07     0.1022E-05     0.1700E-09
     0.0000E+00     0.0000E+00     0.1813E-06     0.6042E-07     0.3021E-06     0.6042E-07     0.7251E-06     0.1219E-09
     0.0000E+00     0.0000E+00     0.1278E-06     0.4261E-07     0.2130E-06     0.4261E-07     0.5113E-06     0.4408E-10
     0.0000E+00     0.0000E+00     0.8952E-07     0.2984E-07     0.1492E-06     0.2984E-07     0.3581E-06     0.2505E-10
     0.0000E+00     0.0000E+00     0.6223E-07     0.2074E-07     0.1037E-06     0.2074E-07     0.2489E-06     0.2685E-10
     0.0000E+00     0.0000E+00     0.4291E-07     0.1430E-07     0.7152E-07     0.1430E-07     0.1717E-06     0.1174E-10
     0.0000E+00     0.0000E+00     0.2933E-07     0.9777E-08     0.4889E-07     0.9777E-08     0.1173E-06     0.6037E-12
     0.0000E+00     0.0000E+00     0.1985E-07     0.6618E-08     0.3309E-07     0.6618E-08     0.7941E-07     0.1474E-11
     0.0000E+00     0.0000E+00     0.1329E-07     0.4430E-08     0.2215E-07     0.4430E-08     0.5316E-07     0.1234E-11
     0.0000E+00     0.0000E+00     0.0000E+00     0.0000E+00     0.0000E+00     0.0000E+00     0.0000E+00     0.0000E+00
