   0.00273   0.00548  13.49467   1.08774   0.16677   0.00000   0.60749   1.09192
   0.00321   0.00572  25.89590   1.49672   0.58806   0.00000   1.02362   1.50160
   0.00365   0.00594  41.09657   1.98438   1.08613   0.00000   1.51736   1.98989
   0.00405   0.00615  58.73158   2.54056   1.65134   0.28907   2.07884   2.54662
   0.00443   0.00635  78.44312   3.15943   2.27822   0.96054   2.70243   3.16599
   0.00480   0.00654 100.03658   3.83656   2.96260   1.66242   3.38385   3.84360
   0.00514   0.00672 123.04382   4.56165   3.69428   2.41066   4.11284   4.56913
   0.00547   0.00690 147.32309   5.33045   4.46915   3.20079   4.88525   5.33834
   0.00579   0.00707 172.69366   6.13834   5.28265   4.02826   5.69649   6.14663
   0.00610   0.00723 198.98749   6.98102   6.13055   4.88908   6.54229   6.98968
   0.00639   0.00739 225.89227   7.85099   7.00539   5.77593   7.41517   7.86000
   0.00668   0.00754 253.36957   8.74664   7.90563   6.68737   8.31357   8.75598
   0.00696   0.00769 281.39920   9.66700   8.83030   7.62254   9.23652   9.67666
   0.00723   0.00784 309.95297  10.61105   9.77843   8.58053  10.18302  10.62102
   0.00749   0.00798 338.58713  11.56781  10.73906   9.55048  11.14211  11.57807
   0.00775   0.00812 367.49585  12.54131  11.71625  10.53649  12.11783  12.55186
   0.00800   0.00825 396.82361  13.53482  12.71327  11.54186  13.11345  13.54565
   0.00824   0.00839 425.82990  14.52968  13.71148  12.54803  14.11033  14.54076
   0.00848   0.00852 455.29865  15.54486  14.72987  13.57400  15.12744  15.55620
   0.00440   0.00701  11.98568   0.97989   0.14426   0.00000   0.54292   0.98369
   0.00507   0.00735  22.07285   1.31803   0.49385   0.00000   0.88751   1.32231
   0.00568   0.00767  34.02595   1.71097   0.89646   0.00000   1.28591   1.71566
   0.00624   0.00797  47.53143   2.14986   1.34373   0.22828   1.72956   2.15493
   0.00677   0.00825  62.30047   2.62970   1.83102   0.75237   2.21363   2.63512
   0.00727   0.00851  78.18016   3.14679   2.35482   1.29126   2.73455   3.15253
   0.00775   0.00877  94.82214   3.69309   2.90724   1.85790   3.28435   3.69913
   0.00820   0.00901 112.12962   4.26543   3.48519   2.44895   3.85990   4.27174
   0.00864   0.00924 129.97926   4.86039   4.08533   3.06108   4.45783   4.86696
   0.00906   0.00947 148.25876   5.47486   4.70462   3.69146   5.07507   5.48168
   0.00947   0.00968 166.75540   6.10346   5.33772   4.33485   5.70625   6.11051
   0.00986   0.00989 185.45454   6.74518   5.98368   4.99041   6.35041   6.75246
   0.01024   0.01010 204.35214   7.39950   6.64198   5.65770   7.00702   7.40699
   0.01061   0.01029 223.43745   8.06582   7.31206   6.33623   7.67551   8.07352
   0.01097   0.01049 242.41223   8.73641   7.98621   7.01836   8.34815   8.74430
   0.01132   0.01067 261.42172   9.41435   8.66754   7.70724   9.02805   9.42242
   0.01166   0.01085 280.57239  10.10213   9.35855   8.40540   9.71769  10.11038
   0.01199   0.01103 299.36771  10.78663  10.04614   9.09981  10.40397  10.79506
   0.01231   0.01121 318.34900  11.48151  10.74398   9.80412  11.10056  11.49011
   0.00689   0.00896  10.64206   0.88214   0.12452   0.00000   0.48503   0.88572
   0.00783   0.00946  18.80727   1.16024   0.41333   0.00000   0.76901   1.16415
   0.00868   0.00991  28.16027   1.47515   0.73727   0.00000   1.08888   1.47934
   0.00946   0.01033  38.45005   1.81962   1.08956   0.17948   1.43766   1.82405
   0.01020   0.01072  49.45632   2.18964   1.46653   0.58676   1.81151   2.19430
   0.01089   0.01109  61.06856   2.58235   1.86549   0.99869   2.20767   2.58722
   0.01155   0.01144  73.03525   2.99166   2.28050   1.42589   2.62013   2.99673
   0.01218   0.01177  85.29709   3.41534   2.70940   1.86600   3.04670   3.42058
   0.01279   0.01209  97.77499   3.85099   3.14988   2.31673   3.48502   3.85640
   0.01337   0.01240 110.39864   4.29647   3.59984   2.77617   3.93298   4.30204
   0.01392   0.01270 123.02710   4.74800   4.05555   3.24069   4.38683   4.75372
   0.01446   0.01298 135.66132   5.20505   4.51654   3.70988   4.84606   5.21092
   0.01498   0.01326 148.30818   5.66743   4.98261   4.18364   5.31049   5.67343
   0.01549   0.01353 160.96828   6.13486   5.45353   4.66178   5.77986   6.14099
   0.01597   0.01378 173.44341   6.60194   5.92392   5.13898   6.24877   6.60820
   0.01645   0.01404 185.84245   7.07107   6.39620   5.61770   6.71965   7.07745
   0.01691   0.01428 198.24471   7.54418   6.87230   6.09991   7.19442   7.55068
   0.01736   0.01452 210.31915   8.01209   7.34307   6.57649   7.66392   8.01869
   0.01780   0.01475 222.43936   8.48461   7.81833   7.05728   8.13797   8.49133
   0.00887   0.01036   9.92440   0.82913   0.11412   0.00000   0.45396   0.83270
   0.01001   0.01097  17.12054   1.07647   0.37178   0.00000   0.70689   1.08030
   0.01105   0.01152  25.20106   1.35231   0.65633   0.00000   0.98745   1.35636
   0.01200   0.01203  33.95230   1.65038   0.96193   0.15554   1.28960   1.65462
   0.01290   0.01250  43.19118   1.96726   1.28550   0.50615   1.61011   1.97168
   0.01374   0.01295  52.83006   2.30056   1.62482   0.85733   1.94668   2.30515
   0.01454   0.01337  62.66437   2.64520   1.97494   1.21858   2.29431   2.64994
   0.01530   0.01377  72.65254   2.99942   2.33419   1.58804   2.65126   3.00430
   0.01603   0.01416  82.73607   3.36131   2.70072   1.96393   3.01568   3.36632
   0.01672   0.01453  92.86338   3.72921   3.07293   2.34477   3.38592   3.73434
   0.01740   0.01488 102.92542   4.10006   3.44781   2.72767   3.75896   4.10531
   0.01804   0.01522 112.92944   4.47357   3.82510   3.11243   4.13453   4.47894
   0.01867   0.01555 122.88632   4.84968   4.20476   3.49910   4.51258   4.85515
   0.01927   0.01587 132.80104   5.22826   4.58671   3.88761   4.89299   5.23384
   0.01985   0.01618 142.51822   5.60497   4.96659   4.27370   5.27143   5.61064
   0.02042   0.01648 152.13029   5.98186   5.34651   4.65948   5.64997   5.98763
   0.02097   0.01677 161.70389   6.36061   5.72814   5.04667   6.03029   6.36647
   0.02151   0.01705 170.97856   6.73379   6.10407   5.42788   6.40497   6.73974
   0.02203   0.01732 180.25485   7.10949   6.48240   5.81125   6.78210   7.11553
   0.01057   0.01148   9.44303   0.79322   0.10721   0.00000   0.43306   0.79684
   0.01189   0.01219  16.01293   1.02047   0.34453   0.00000   0.66572   1.02432
   0.01308   0.01282  23.28651   1.27119   0.60374   0.00000   0.92100   1.27523
   0.01418   0.01340  31.07592   1.53975   0.87966   0.14035   1.19352   1.54396
   0.01520   0.01395  39.22272   1.82317   1.16960   0.45521   1.48045   1.82753
   0.01617   0.01446  47.65421   2.11939   1.47169   0.76842   1.77982   2.12389
   0.01708   0.01494  56.19510   2.42395   1.78160   1.08874   2.08726   2.42858
   0.01795   0.01540  64.81468   2.73539   2.09794   1.41464   2.40134   2.74014
   0.01878   0.01584  73.46676   3.05212   2.41920   1.74465   2.72051   3.05699
   0.01958   0.01626  82.11100   3.37276   2.74404   2.07758   3.04342   3.37774
   0.02035   0.01666  90.65715   3.69472   3.06993   2.41096   3.36749   3.69980
   0.02108   0.01705  99.11568   4.01782   3.39672   2.74474   3.69258   4.02300
   0.02179   0.01742 107.49963   4.34209   3.72445   3.07902   4.01872   4.34736
   0.02248   0.01778 115.81633   4.66749   4.05312   3.41384   4.34588   4.67285
   0.02314   0.01813 123.93544   4.99029   4.37902   3.74553   4.67034   4.99573
   0.02379   0.01847 131.93890   5.31236   4.70404   4.07604   4.99401   5.31788
   0.02441   0.01879 139.88594   5.63519   5.02968   4.40687   5.31835   5.64079
   0.02502   0.01911 147.55693   5.95242   5.34958   4.73172   5.63702   5.95809
   0.02561   0.01942 155.20944   6.27109   5.67082   5.05765   5.95707   6.27684
   0.01208   0.01244   9.08447   0.76627   0.10210   0.00000   0.41745   0.76997
   0.01356   0.01323  15.20084   0.97887   0.32459   0.00000   0.63534   0.98277
   0.01489   0.01394  21.89812   1.21145   0.56551   0.00000   0.87238   1.21553
   0.01611   0.01458  29.00785   1.45891   0.82019   0.12950   1.12370   1.46314
   0.01725   0.01519  36.38956   1.71857   1.08625   0.41893   1.38679   1.72294
   0.01833   0.01575  43.98135   1.98860   1.36205   0.70531   1.65990   1.99310
   0.01934   0.01629  51.62846   2.26502   1.64372   0.99687   1.93913   2.26964
   0.02031   0.01680  59.30760   2.54657   1.93009   1.29231   2.22326   2.55131
   0.02123   0.01728  66.98110   2.83188   2.21985   1.59038   2.51095   2.83672
   0.02211   0.01774  74.61622   3.11977   2.51187   1.89007   2.80105   3.12471
   0.02296   0.01819  82.13520   3.40797   2.80392   2.18923   3.09131   3.41300
   0.02377   0.01862  89.55078   3.69637   3.09594   2.48789   3.38165   3.70150
   0.02456   0.01903  96.87703   3.98507   3.38804   2.78620   3.67217   3.99028
   0.02532   0.01942 104.12268   4.27408   3.68026   3.08425   3.96289   4.27936
   0.02605   0.01981 111.17424   4.56008   3.96932   3.37881   4.25053   4.56545
   0.02676   0.02018 118.10646   4.84483   4.25696   3.67166   4.53682   4.85028
   0.02745   0.02054 124.97301   5.12970   4.54458   3.96420   4.82316   5.13521
   0.02812   0.02088 131.58211   5.40901   4.82652   4.25083   5.10388   5.41459
   0.02877   0.02122 138.16185   5.68912   5.10914   4.53791   5.38533   5.69477
   0.01817   0.01601   8.04552   0.68711   0.08751   0.00000   0.37210   0.69132
   0.02025   0.01711  12.91360   0.85884   0.26865   0.00000   0.54882   0.86324
   0.02213   0.01809  18.06339   1.04184   0.45960   0.00000   0.73603   1.04640
   0.02384   0.01899  23.38176   1.23248   0.65711   0.10034   0.93031   1.23718
   0.02543   0.01982  28.77731   1.42896   0.85970   0.32204   1.13002   1.43380
   0.02692   0.02060  34.21707   1.63014   1.06638   0.53774   1.33412   1.63510
   0.02833   0.02134  39.59921   1.83325   1.27449   0.75425   1.53987   1.83832
   0.02966   0.02203  44.91873   2.03758   1.48342   0.97088   1.74663   2.04276
   0.03092   0.02269  50.15850   2.24233   1.69241   1.18692   1.95362   2.24761
   0.03213   0.02332  55.30388   2.44682   1.90083   1.40185   2.16019   2.45219
   0.03329   0.02392  60.30795   2.64956   2.10724   1.61430   2.36487   2.65502
   0.03440   0.02450  65.18708   2.85065   2.31179   1.82446   2.56779   2.85620
   0.03547   0.02505  69.95734   3.05030   2.51469   2.03263   2.76915   3.05593
   0.03650   0.02558  74.62974   3.24865   2.71610   2.23898   2.96912   3.25436
   0.03749   0.02609  79.13119   3.44346   2.91382   2.44135   3.16546   3.44924
   0.03845   0.02659  83.51760   3.63609   3.10920   2.64114   3.35955   3.64194
   0.03938   0.02707  87.82889   3.82759   3.30334   2.83944   3.55244   3.83351
   0.04028   0.02753  91.93896   4.01408   3.49233   3.03241   3.74025   4.02007
   0.04116   0.02798  96.00449   4.20010   3.68075   3.22459   3.92754   4.20615
   0.02705   0.02074   7.10270   0.61377   0.07461   0.00000   0.33079   0.61894
   0.02999   0.02227  10.92993   0.75075   0.22067   0.00000   0.47260   0.75617
   0.03262   0.02364  14.83882   0.89289   0.37047   0.00000   0.61881   0.89852
   0.03501   0.02488  18.76272   1.03782   0.52204   0.07697   0.76726   1.04364
   0.03722   0.02602  22.64921   1.18450   0.67461   0.24511   0.91707   1.19049
   0.03928   0.02708  26.48713   1.33233   0.82776   0.40589   1.06772   1.33848
   0.04122   0.02808  30.21359   1.47947   0.97974   0.56498   1.21743   1.48578
   0.04305   0.02903  33.83561   1.62563   1.13034   0.72209   1.36594   1.63208
   0.04479   0.02992  37.34951   1.77041   1.27923   0.87692   1.51290   1.77699
   0.04644   0.03077  40.75229   1.91348   1.42610   1.02928   1.65798   1.92018
   0.04801   0.03157  44.01752   2.05391   1.57010   1.17837   1.80030   2.06073
   0.04951   0.03235  47.16245   2.19193   1.71146   1.32447   1.94009   2.19886
   0.05096   0.03309  50.20290   2.32780   1.85047   1.46792   2.07763   2.33484
   0.05235   0.03380  53.15033   2.46172   1.98737   1.60897   2.21312   2.46886
   0.05368   0.03448  55.95864   2.59221   2.12067   1.74620   2.34510   2.59945
   0.05497   0.03514  58.66910   2.72031   2.25145   1.88068   2.47462   2.72764
   0.05622   0.03577  61.31099   2.84685   2.38054   2.01327   2.60251   2.85427
   0.05742   0.03639  63.80264   2.96917   2.50530   2.14137   2.72612   2.97669
   0.05859   0.03698  66.25052   3.09052   2.62897   2.26821   2.84870   3.09811
   0.03403   0.02428   6.58580   0.57296   0.06772   0.00000   0.30811   0.57893
   0.03763   0.02614   9.88353   0.69200   0.19570   0.00000   0.43193   0.69828
   0.04082   0.02778  13.18123   0.81358   0.32484   0.00000   0.55755   0.82013
   0.04372   0.02927  16.43507   0.93598   0.45378   0.06549   0.68345   0.94277
   0.04639   0.03064  19.61098   1.05851   0.58213   0.20759   0.80909   1.06552
   0.04887   0.03192  22.70753   1.18083   0.70970   0.34207   0.93422   1.18805
   0.05120   0.03311  25.67934   1.30155   0.83520   0.47399   1.05749   1.30895
   0.05339   0.03423  28.53801   1.42054   0.95858   0.60324   1.17882   1.42812
   0.05547   0.03529  31.28523   1.53759   1.07968   0.72972   1.29804   1.54534
   0.05744   0.03630  33.92243   1.65251   1.19837   0.85335   1.41497   1.66041
   0.05931   0.03726  36.43164   1.76463   1.31401   0.97358   1.52897   1.77268
   0.06110   0.03817  38.82973   1.87420   1.42688   1.09073   1.64030   1.88239
   0.06281   0.03904  41.13178   1.98151   1.53730   1.20514   1.74927   1.98983
   0.06446   0.03988  43.34883   2.08676   1.64550   1.31709   1.85610   2.09522
   0.06604   0.04068  45.44612   2.18882   1.75033   1.42546   1.95964   2.19740
   0.06756   0.04145  47.45792   2.28857   1.85273   1.53119   2.06080   2.29726
   0.06903   0.04220  49.40853   2.38671   1.95340   1.63502   2.16029   2.39552
   0.07044   0.04292  51.23505   2.48115   2.05024   1.73487   2.25601   2.49007
   0.07182   0.04361  53.02186   2.57451   2.14591   1.83339   2.35061   2.58354
   0.04003   0.02727   6.23047   0.54469   0.06308   0.00000   0.29251   0.55133
   0.04416   0.02939   9.18263   0.65192   0.17918   0.00000   0.40451   0.65893
   0.04782   0.03127  12.08966   0.76020   0.29496   0.00000   0.51682   0.76753
   0.05113   0.03296  14.92202   0.86820   0.40946   0.05818   0.62832   0.87581
   0.05417   0.03452  17.65683   0.97547   0.52251   0.18379   0.73870   0.98334
   0.05700   0.03597  20.29831   1.08182   0.63407   0.30178   0.84786   1.08993
   0.05965   0.03732  22.81145   1.18612   0.74312   0.41679   0.95471   1.19445
   0.06213   0.03858  25.21024   1.28835   0.84971   0.52883   1.05928   1.29689
   0.06448   0.03978  27.49922   1.38840   0.95379   0.63789   1.16150   1.39713
   0.06670   0.04091  29.68213   1.48616   1.05529   0.74399   1.26127   1.49508
   0.06881   0.04199  31.74580   1.58111   1.15374   0.84669   1.35810   1.59020
   0.07083   0.04301  33.70652   1.67351   1.24943   0.94635   1.45227   1.68277
   0.07275   0.04399  35.57861   1.76366   1.34267   1.04329   1.54409   1.77308
   0.07460   0.04493  37.37265   1.85178   1.43371   1.13781   1.63378   1.86135
   0.07637   0.04582  39.06033   1.93690   1.52160   1.22897   1.72038   1.94661
   0.07808   0.04669  40.67165   2.01982   1.60715   1.31762   1.80472   2.02967
   0.07972   0.04752  42.22771   2.10117   1.69102   1.40440   1.88743   2.11115
   0.08130   0.04832  43.67652   2.17918   1.77142   1.48759   1.96672   2.18929
   0.08284   0.04909  45.08930   2.25611   1.85065   1.56946   2.04489   2.26634
   0.04544   0.03004   5.95335   0.52274   0.05953   0.00000   0.28032   0.52982
   0.05002   0.03240   8.64695   0.62116   0.16675   0.00000   0.38347   0.62863
   0.05408   0.03448  11.26632   0.71963   0.27267   0.00000   0.48595   0.72745
   0.05773   0.03636  13.79224   0.81712   0.37662   0.05284   0.58691   0.82525
   0.06108   0.03808  16.20955   0.91333   0.47857   0.16648   0.68621   0.92174
   0.06420   0.03967  18.52642   1.00818   0.57860   0.27257   0.78385   1.01685
   0.06710   0.04115  20.71494   1.10072   0.67586   0.37545   0.87893   1.10963
   0.06982   0.04254  22.79035   1.19101   0.77048   0.47520   0.97155   1.20015
   0.07239   0.04385  24.75902   1.27900   0.86247   0.57189   1.06170   1.28835
   0.07482   0.04509  26.62630   1.36464   0.95183   0.66558   1.14934   1.37419
   0.07712   0.04626  28.38204   1.44753   1.03818   0.75594   1.23409   1.45726
   0.07932   0.04738  30.04197   1.52791   1.12182   0.84331   1.31622   1.53781
   0.08142   0.04844  31.61963   1.60607   1.20306   0.92803   1.39604   1.61615
   0.08343   0.04946  33.12521   1.68225   1.28214   1.01039   1.47379   1.69249
   0.08535   0.05043  34.53512   1.75562   1.35826   1.08958   1.54863   1.76601
   0.08720   0.05137  35.87559   1.82690   1.43216   1.16639   1.62132   1.83744
   0.08898   0.05227  37.16557   1.89667   1.50441   1.24139   1.69243   1.90735
   0.09069   0.05313  38.36072   1.96336   1.57348   1.31308   1.76040   1.97417
   0.09235   0.05397  39.52301   2.02900   1.64140   1.38348   1.82727   2.03995
   0.06721   0.04110   5.12829   0.45635   0.04930   0.00000   0.24404   0.46542
   0.07349   0.04435   7.11413   0.53020   0.13185   0.00000   0.32261   0.53981
   0.07898   0.04719   8.96827   0.60199   0.21099   0.00000   0.39840   0.61208
   0.08390   0.04972  10.69674   0.67139   0.28676   0.03862   0.47126   0.68189
   0.08837   0.05203  12.30293   0.73847   0.35951   0.12062   0.54143   0.74936
   0.09250   0.05415  13.80304   0.80341   0.42956   0.19570   0.60915   0.81464
   0.09632   0.05611  15.18602   0.86571   0.49652   0.26730   0.67398   0.87727
   0.09989   0.05793  16.46906   0.92559   0.56067   0.33568   0.73618   0.93745
   0.10324   0.05964  17.66173   0.98314   0.62217   0.40104   0.79588   0.99527
   0.10639   0.06124  18.77179   1.03844   0.68113   0.46356   0.85318   1.05083
   0.10936   0.06275  19.79592   1.09130   0.73742   0.52314   0.90790   1.10394
   0.11218   0.06418  20.74743   1.14198   0.79131   0.58010   0.96032   1.15484
   0.11486   0.06554  21.63743   1.19075   0.84310   0.63475   1.01073   1.20383
   0.11742   0.06683  22.47427   1.23782   0.89303   0.68736   1.05936   1.25111
   0.11986   0.06806  23.24443   1.28268   0.94059   0.73745   1.10569   1.29616
   0.12220   0.06923  23.96606   1.32587   0.98635   0.78559   1.15027   1.33954
   0.12444   0.07036  24.65218   1.36780   1.03074   0.83223   1.19354   1.38166
   0.12659   0.07144  25.27589   1.40748   1.07275   0.87638   1.23449   1.42150
   0.12866   0.07247  25.87682   1.44628   1.11379   0.91945   1.27451   1.46047
   0.09909   0.05780   4.33282   0.39130   0.04002   0.00000   0.20899   0.40306
   0.10746   0.06217   5.73457   0.44433   0.10165   0.00000   0.26675   0.45683
   0.11470   0.06593   6.98514   0.49434   0.15891   0.00000   0.32073   0.50747
   0.12111   0.06925   8.10695   0.54145   0.21231   0.02735   0.37129   0.55512
   0.12689   0.07223   9.11460   0.58596   0.26240   0.08463   0.41887   0.60013
   0.13218   0.07494  10.02737   0.62818   0.30965   0.13597   0.46385   0.64280
   0.13704   0.07742  10.84441   0.66794   0.35398   0.18407   0.50611   0.68296
   0.14154   0.07971  11.58248   0.70550   0.39573   0.22924   0.54597   0.72090
   0.14573   0.08183  12.25159   0.74103   0.43513   0.27176   0.58362   0.75677
   0.14966   0.08381  12.85958   0.77467   0.47236   0.31187   0.61924   0.79073
   0.15333   0.08566  13.40678   0.80635   0.50740   0.34956   0.65275   0.82271
   0.15680   0.08740  13.90352   0.83633   0.54052   0.38515   0.68445   0.85296
   0.16007   0.08903  14.35841   0.86482   0.57196   0.41890   0.71456   0.88172
   0.16319   0.09058  14.77777   0.89200   0.60194   0.45103   0.74328   0.90915
   0.16613   0.09204  15.15399   0.91758   0.63016   0.48128   0.77030   0.93495
   0.16893   0.09343  15.49949   0.94193   0.65702   0.51005   0.79602   0.95953
   0.17162   0.09476  15.82271   0.96535   0.68283   0.53767   0.82076   0.98317
   0.17417   0.09601  16.10752   0.98723   0.70698   0.56354   0.84388   1.00524
   0.17663   0.09721  16.37858   1.00846   0.73040   0.58858   0.86631   1.02667
   0.12409   0.07128   3.88127   0.35374   0.03503  -0.00001   0.18912   0.36769
   0.13384   0.07638   4.99641   0.39629   0.08610   0.00000   0.23638   0.41111
   0.14220   0.08071   5.96207   0.43564   0.13263  -0.00001   0.27971   0.45119
   0.14955   0.08449   6.80636   0.47211   0.17532   0.02195   0.31961   0.48830
   0.15613   0.08786   7.54701   0.50607   0.21478   0.06755   0.35661   0.52281
   0.16212   0.09090   8.20410   0.53785   0.25153   0.10788   0.39113   0.55510
   0.16759   0.09366   8.77975   0.56740   0.28559   0.14524   0.42317   0.58511
   0.17262   0.09619   9.28985   0.59499   0.31731   0.17996   0.45304   0.61312
   0.17728   0.09852   9.74368   0.62081   0.34695   0.21232   0.48096   0.63932
   0.18163   0.10067  10.14860   0.64502   0.37469   0.24257   0.50712   0.66388
   0.18568   0.10268  10.50592   0.66759   0.40056   0.27075   0.53150   0.68677
   0.18947   0.10454  10.82430   0.68873   0.42478   0.29713   0.55434   0.70821
   0.19305   0.10629  11.11089   0.70866   0.44761   0.32196   0.57586   0.72842
   0.19643   0.10794  11.37084   0.72752   0.46922   0.34545   0.59623   0.74754
   0.19961   0.10949  11.59875   0.74509   0.48938   0.36737   0.61523   0.76536
   0.20264   0.11095  11.80427   0.76169   0.50844   0.38809   0.63318   0.78219
   0.20553   0.11234  11.99380   0.77756   0.52664   0.40787   0.65033   0.79828
   0.20825   0.11364  12.15566   0.79222   0.54354   0.42625   0.66621   0.81315
   0.21087   0.11490  12.30808   0.80638   0.55983   0.44396   0.68155   0.82750
   0.14542   0.08305   3.56639   0.32729   0.03168  -0.00001   0.17529   0.34316
   0.15617   0.08864   4.50139   0.36312   0.07596   0.00000   0.21581   0.37995
   0.16533   0.09335   5.29231   0.39579   0.11572  -0.00001   0.25241   0.41341
   0.17333   0.09742   5.96980   0.42568   0.15175   0.01860   0.28571   0.44399
   0.18046   0.10102   6.55292   0.45318   0.18470   0.05699   0.31623   0.47210
   0.18690   0.10425   7.06131   0.47866   0.21508   0.09063   0.34443   0.49812
   0.19276   0.10716   7.49874   0.50211   0.24298   0.12151   0.37034   0.52205
   0.19812   0.10981   7.87987   0.52381   0.26875   0.14998   0.39429   0.54418
   0.20307   0.11224   8.21345   0.54393   0.29263   0.17632   0.41649   0.56470
   0.20766   0.11447   8.50625   0.56264   0.31482   0.20077   0.43712   0.58378
   0.21192   0.11654   8.75991   0.57994   0.33536   0.22340   0.45621   0.60141
   0.21590   0.11845   8.98196   0.59602   0.35447   0.24445   0.47395   0.61779
   0.21963   0.12023   9.17851   0.61105   0.37236   0.26415   0.49056   0.63311
   0.22315   0.12190   9.35395   0.62519   0.38920   0.28267   0.50618   0.64751
   0.22645   0.12346   9.50412   0.63826   0.40480   0.29986   0.52064   0.66082
   0.22957   0.12493   9.63692   0.65051   0.41947   0.31602   0.53423   0.67331
   0.23255   0.12632   9.75753   0.66216   0.43342   0.33138   0.54714   0.68518
   0.23534   0.12762   9.85679   0.67283   0.44626   0.34557   0.55900   0.69604
   0.23802   0.12886   9.94918   0.68308   0.45861   0.35918   0.57040   0.70649
   0.16434   0.09364   3.32621   0.30693   0.02921   0.00000   0.16476   0.32457
   0.17586   0.09957   4.13446   0.33796   0.06860   0.00000   0.20046   0.35662
   0.18562   0.10453   4.80458   0.36591   0.10358   0.00000   0.23232   0.38542
   0.19409   0.10879   5.36862   0.39121   0.13496   0.01626   0.26101   0.41145
   0.20160   0.11252   5.84606   0.41427   0.16340   0.04965   0.28706   0.43513
   0.20837   0.11585   6.25585   0.43544   0.18942   0.07866   0.31092   0.45686
   0.21447   0.11884   6.60268   0.45475   0.21312   0.10511   0.33266   0.47667
   0.22005   0.12153   6.90016   0.47247   0.23486   0.12933   0.35261   0.49483
   0.22517   0.12399   7.15641   0.48879   0.25488   0.15162   0.37097   0.51154
   0.22990   0.12624   7.37787   0.50385   0.27337   0.17219   0.38792   0.52696
   0.23428   0.12830   7.56622   0.51765   0.29037   0.19111   0.40349   0.54109
   0.23834   0.13021   7.72827   0.53040   0.30610   0.20862   0.41788   0.55414
   0.24215   0.13198   7.86906   0.54223   0.32075   0.22493   0.43127   0.56626
   0.24573   0.13363   7.99243   0.55329   0.33446   0.24018   0.44378   0.57758
   0.24906   0.13516   8.09537   0.56344   0.34710   0.25429   0.45530   0.58796
   0.25221   0.13660   8.18419   0.57289   0.35893   0.26749   0.46606   0.59763
   0.25521   0.13795   8.26331   0.58183   0.37013   0.27998   0.47624   0.60678
   0.25800   0.13920   8.32547   0.58994   0.38038   0.29145   0.48552   0.61508
   0.26069   0.14040   8.38247   0.59771   0.39020   0.30243   0.49441   0.62303
   0.23927   0.13619   2.60958   0.24477   0.02218   0.00000   0.13347   0.27003
   0.25275   0.14262   3.09109   0.26309   0.04854   0.00000   0.15630   0.28945
   0.26388   0.14779   3.46043   0.27884   0.07104   0.00000   0.17582   0.30607
   0.27331   0.15209   3.74971   0.29252   0.09054   0.01025   0.19274   0.32045
   0.28149   0.15573   3.97752   0.30450   0.10767   0.03096   0.20757   0.33302
   0.28870   0.15888   4.15977   0.31511   0.12289   0.04846   0.22073   0.34413
   0.29507   0.16161   4.30203   0.32443   0.13637   0.06403   0.23235   0.35386
   0.30078   0.16401   4.41447   0.33267   0.14843   0.07796   0.24269   0.36246
   0.30592   0.16613   4.50318   0.34001   0.15927   0.09051   0.25194   0.37011
   0.31059   0.16802   4.57250   0.34655   0.16905   0.10186   0.26026   0.37692
   0.31482   0.16970   4.62420   0.35232   0.17783   0.11208   0.26767   0.38292
   0.31868   0.17120   4.66250   0.35746   0.18578   0.12136   0.27434   0.38827
   0.32224   0.17256   4.69053   0.36208   0.19304   0.12986   0.28039   0.39306
   0.32553   0.17381   4.71059   0.36627   0.19971   0.13769   0.28592   0.39740
   0.32854   0.17491   4.72106   0.36993   0.20571   0.14478   0.29085   0.40120
   0.33133   0.17592   4.72566   0.37322   0.21121   0.15130   0.29533   0.40461
   0.33396   0.17685   4.72672   0.37625   0.21634   0.15739   0.29949   0.40776
   0.33635   0.17767   4.72026   0.37883   0.22092   0.16288   0.30314   0.41042
   0.33863   0.17845   4.71256   0.38124   0.22524   0.16806   0.30658   0.41292
   0.34496   0.19442   1.96182   0.18489   0.01621  -0.00001   0.10466   0.22143
   0.35823   0.19920   2.20511   0.19353   0.03252  -0.00001   0.11749   0.23068
   0.36863   0.20269   2.36754   0.20037   0.04576  -0.00002   0.12780   0.23790
   0.37702   0.20530   2.47739   0.20585   0.05674   0.00592   0.13623   0.24361
   0.38395   0.20729   2.55002   0.21025   0.06597   0.01765   0.14322   0.24816
   0.38978   0.20884   2.59710   0.21384   0.07387   0.02723   0.14909   0.25181
   0.39467   0.21001   2.62315   0.21669   0.08060   0.03548   0.15399   0.25467
   0.39884   0.21089   2.63487   0.21896   0.08640   0.04264   0.15811   0.25690
   0.40241   0.21156   2.63606   0.22077   0.09144   0.04892   0.16161   0.25863
   0.40551   0.21202   2.62931   0.22218   0.09583   0.05444   0.16457   0.25996
   0.40814   0.21233   2.61573   0.22323   0.09963   0.05930   0.16704   0.26091
   0.41041   0.21252   2.59749   0.22398   0.10296   0.06358   0.16912   0.26155
   0.41239   0.21260   2.57627   0.22452   0.10589   0.06740   0.17089   0.26195
   0.41413   0.21262   2.55313   0.22489   0.10850   0.07084   0.17240   0.26217
   0.41559   0.21253   2.52716   0.22504   0.11075   0.07387   0.17362   0.26217
   0.41685   0.21238   2.50008   0.22505   0.11274   0.07660   0.17465   0.26203
   0.41799   0.21221   2.47294   0.22497   0.11455   0.07909   0.17553   0.26181
   0.41889   0.21195   2.44383   0.22471   0.11607   0.08126   0.17616   0.26138
   0.41972   0.21168   2.41561   0.22443   0.11747   0.08328   0.17673   0.26093
   0.42330   0.23283   1.62990   0.15045   0.01314   0.00000   0.08847   0.19426
   0.43388   0.23474   1.76530   0.15469   0.02480   0.00000   0.09657   0.19827
   0.44154   0.23563   1.83990   0.15763   0.03390  -0.00001   0.10267   0.20085
   0.44725   0.23590   1.87807   0.15967   0.04118   0.00405   0.10736   0.20247
   0.45157   0.23574   1.89216   0.16098   0.04708   0.01194   0.11100   0.20337
   0.45486   0.23530   1.89097   0.16181   0.05197   0.01822   0.11387   0.20374
   0.45730   0.23461   1.87805   0.16219   0.05601   0.02348   0.11606   0.20368
   0.45910   0.23377   1.85803   0.16225   0.05937   0.02796   0.11775   0.20327
   0.46038   0.23282   1.83329   0.16209   0.06220   0.03180   0.11905   0.20264
   0.46128   0.23179   1.80563   0.16172   0.06458   0.03510   0.12003   0.20183
   0.46179   0.23069   1.77543   0.16117   0.06658   0.03793   0.12073   0.20085
   0.46202   0.22954   1.74413   0.16050   0.06825   0.04038   0.12119   0.19974
   0.46203   0.22837   1.71257   0.15974   0.06968   0.04253   0.12148   0.19855
   0.46188   0.22720   1.68127   0.15893   0.07090   0.04441   0.12164   0.19733
   0.46152   0.22598   1.64956   0.15802   0.07190   0.04603   0.12164   0.19603
   0.46104   0.22476   1.61843   0.15707   0.07275   0.04747   0.12155   0.19470
   0.46048   0.22357   1.58838   0.15612   0.07349   0.04876   0.12140   0.19338
   0.45973   0.22235   1.55815   0.15509   0.07406   0.04984   0.12112   0.19197
   0.45898   0.22117   1.52938   0.15408   0.07456   0.05083   0.12083   0.19060
   0.48512   0.25833   1.41641   0.12561   0.01104   0.00000   0.07654   0.17334
   0.49168   0.25701   1.48572   0.12729   0.01989  -0.00001   0.08174   0.17392
   0.49560   0.25515   1.50974   0.12805   0.02654   0.00000   0.08535   0.17362
   0.49786   0.25299   1.50883   0.12821   0.03168   0.00297   0.08790   0.17277
   0.49894   0.25068   1.49278   0.12793   0.03573   0.00867   0.08968   0.17153
   0.49922   0.24829   1.46827   0.12738   0.03897   0.01310   0.09091   0.17007
   0.49882   0.24585   1.43774   0.12656   0.04157   0.01675   0.09168   0.16839
   0.49796   0.24341   1.40437   0.12560   0.04365   0.01978   0.09214   0.16661
   0.49675   0.24098   1.36976   0.12452   0.04535   0.02232   0.09234   0.16476
   0.49528   0.23860   1.33488   0.12338   0.04672   0.02447   0.09235   0.16288
   0.49356   0.23625   1.29989   0.12217   0.04782   0.02629   0.09218   0.16096
   0.49169   0.23393   1.26555   0.12091   0.04871   0.02781   0.09189   0.15904
   0.48970   0.23168   1.23232   0.11964   0.04942   0.02913   0.09153   0.15715
   0.48765   0.22950   1.20041   0.11838   0.05000   0.03027   0.09110   0.15530
   0.48548   0.22735   1.16925   0.11710   0.05044   0.03121   0.09058   0.15344
   0.48327   0.22525   1.13939   0.11583   0.05077   0.03203   0.09002   0.15161
   0.48108   0.22324   1.11104   0.11460   0.05104   0.03275   0.08945   0.14983
   0.47877   0.22123   1.08333   0.11334   0.05119   0.03333   0.08882   0.14806
   0.47652   0.21931   1.05722   0.11212   0.05132   0.03385   0.08820   0.14637
   0.53440   0.27430   1.26021   0.10580   0.00940  -0.00001   0.06660   0.15479
   0.53611   0.26982   1.28364   0.10589   0.01630   0.00000   0.06984   0.15301
   0.53575   0.26530   1.27458   0.10534   0.02131  -0.00001   0.07182   0.15078
   0.53417   0.26088   1.24970   0.10444   0.02507   0.00225   0.07301   0.14836
   0.53177   0.25659   1.21636   0.10327   0.02793   0.00652   0.07365   0.14585
   0.52887   0.25246   1.17936   0.10197   0.03015   0.00978   0.07391   0.14329
   0.52554   0.24846   1.14029   0.10056   0.03186   0.01239   0.07386   0.14073
   0.52194   0.24465   1.10124   0.09911   0.03320   0.01453   0.07362   0.13816
   0.51821   0.24098   1.06310   0.09764   0.03423   0.01629   0.07323   0.13568
   0.51442   0.23745   1.02636   0.09616   0.03502   0.01776   0.07273   0.13328
   0.51054   0.23405   0.99090   0.09467   0.03562   0.01897   0.07214   0.13094
   0.50664   0.23078   0.95711   0.09320   0.03608   0.01997   0.07149   0.12865
   0.50274   0.22766   0.92516   0.09177   0.03641   0.02082   0.07081   0.12645
   0.49890   0.22469   0.89505   0.09039   0.03664   0.02153   0.07010   0.12434
   0.49504   0.22179   0.86628   0.08902   0.03679   0.02210   0.06937   0.12227
   0.49125   0.21900   0.83912   0.08768   0.03687   0.02259   0.06862   0.12028
   0.48757   0.21633   0.81364   0.08639   0.03691   0.02300   0.06789   0.11839
   0.48382   0.21374   0.78918   0.08513   0.03688   0.02332   0.06713   0.11651
   0.48022   0.21126   0.76632   0.08392   0.03683   0.02361   0.06640   0.11473
   0.58133   0.28408   1.10728   0.08548   0.00772   0.00000   0.05580   0.13321
   0.57640   0.27595   1.09008   0.08439   0.01289  -0.00001   0.05737   0.12950
   0.57033   0.26846   1.05387   0.08293   0.01649  -0.00001   0.05806   0.12583
   0.56378   0.26157   1.01079   0.08132   0.01907   0.00163   0.05821   0.12229
   0.55695   0.25518   0.96553   0.07962   0.02096   0.00470   0.05800   0.11890
   0.55008   0.24924   0.92095   0.07791   0.02239   0.00698   0.05757   0.11565
   0.54313   0.24367   0.87766   0.07622   0.02341   0.00877   0.05697   0.11255
   0.53633   0.23841   0.83671   0.07453   0.02416   0.01020   0.05628   0.10962
   0.52966   0.23349   0.79837   0.07288   0.02471   0.01136   0.05553   0.10683
   0.52311   0.22887   0.76263   0.07132   0.02509   0.01230   0.05473   0.10420
   0.51670   0.22449   0.72917   0.06979   0.02536   0.01304   0.05392   0.10167
   0.51046   0.22034   0.69805   0.06832   0.02551   0.01366   0.05308   0.09929
   0.50443   0.21640   0.66921   0.06691   0.02559   0.01415   0.05225   0.09703
   0.49862   0.21267   0.64248   0.06556   0.02561   0.01456   0.05144   0.09488
   0.49292   0.20911   0.61740   0.06425   0.02558   0.01488   0.05063   0.09283
   0.48739   0.20571   0.59407   0.06299   0.02551   0.01514   0.04983   0.09088
   0.48209   0.20248   0.57244   0.06179   0.02542   0.01537   0.04907   0.08903
   0.47682   0.19937   0.55198   0.06063   0.02529   0.01551   0.04830   0.08723
   0.47179   0.19642   0.53301   0.05953   0.02516   0.01563   0.04757   0.08554
   0.61409   0.28519   0.98024   0.06868   0.00631  -0.00004   0.04630   0.11305
   0.60231   0.27390   0.93495   0.06696   0.01023  -0.00003   0.04684   0.10832
   0.59054   0.26391   0.88177   0.06508   0.01287  -0.00003   0.04676   0.10391
   0.57908   0.25504   0.82863   0.06319   0.01468   0.00119   0.04632   0.09989
   0.56803   0.24696   0.77790   0.06133   0.01596   0.00344   0.04567   0.09615
   0.55739   0.23961   0.73085   0.05954   0.01685   0.00509   0.04491   0.09272
   0.54717   0.23281   0.68728   0.05780   0.01747   0.00635   0.04406   0.08951
   0.53737   0.22653   0.64747   0.05614   0.01789   0.00734   0.04319   0.08653
   0.52802   0.22072   0.61120   0.05457   0.01815   0.00811   0.04230   0.08376
   0.51909   0.21531   0.57816   0.05307   0.01833   0.00873   0.04142   0.08117
   0.51050   0.21023   0.54793   0.05164   0.01839   0.00922   0.04056   0.07875
   0.50229   0.20546   0.52030   0.05028   0.01841   0.00959   0.03970   0.07649
   0.49443   0.20100   0.49506   0.04900   0.01837   0.00989   0.03887   0.07435
   0.48692   0.19682   0.47197   0.04781   0.01830   0.01013   0.03808   0.07235
   0.47968   0.19282   0.45065   0.04665   0.01819   0.01030   0.03729   0.07046
   0.47272   0.18904   0.43102   0.04555   0.01806   0.01044   0.03654   0.06867
   0.46608   0.18548   0.41296   0.04452   0.01792   0.01054   0.03583   0.06699
   0.45962   0.18206   0.39613   0.04351   0.01775   0.01062   0.03512   0.06539
   0.45347   0.17882   0.38062   0.04256   0.01759   0.01067   0.03446   0.06389
   0.63433   0.27974   0.86847   0.05467   0.00513  -0.00001   0.03798   0.09447
   0.61578   0.26594   0.80432   0.05276   0.00810  -0.00002   0.03786   0.08928
   0.59852   0.25403   0.74121   0.05077   0.01003  -0.00001   0.03731   0.08469
   0.58249   0.24363   0.68342   0.04889   0.01129   0.00090   0.03656   0.08059
   0.56753   0.23434   0.63127   0.04707   0.01213   0.00255   0.03571   0.07690
   0.55356   0.22597   0.58478   0.04537   0.01269   0.00372   0.03481   0.07356
   0.54039   0.21835   0.54311   0.04376   0.01305   0.00462   0.03390   0.07049
   0.52800   0.21139   0.50608   0.04225   0.01326   0.00529   0.03298   0.06770
   0.51638   0.20499   0.47302   0.04082   0.01338   0.00582   0.03209   0.06514
   0.50544   0.19907   0.44345   0.03948   0.01341   0.00623   0.03124   0.06278
   0.49501   0.19360   0.41682   0.03825   0.01339   0.00655   0.03041   0.06057
   0.48516   0.18848   0.39285   0.03707   0.01332   0.00678   0.02962   0.05852
   0.47585   0.18370   0.37123   0.03597   0.01323   0.00695   0.02886   0.05664
   0.46703   0.17924   0.35166   0.03493   0.01311   0.00709   0.02814   0.05489
   0.45857   0.17503   0.33380   0.03396   0.01298   0.00718   0.02745   0.05321
   0.45052   0.17107   0.31752   0.03304   0.01284   0.00725   0.02678   0.05166
   0.44289   0.16735   0.30267   0.03217   0.01270   0.00730   0.02615   0.05021
   0.43551   0.16378   0.28895   0.03133   0.01253   0.00733   0.02555   0.04884
   0.42852   0.16042   0.27638   0.03055   0.01237   0.00734   0.02498   0.04755
   0.64333   0.26945   0.76694   0.04310   0.00413  -0.00002   0.03072   0.07762
   0.61847   0.25369   0.69095   0.04114   0.00640  -0.00001   0.03024   0.07249
   0.59619   0.24033   0.62306   0.03925   0.00779  -0.00001   0.02948   0.06805
   0.57608   0.22884   0.56427   0.03749   0.00867   0.00066   0.02862   0.06417
   0.55772   0.21871   0.51332   0.03582   0.00925   0.00190   0.02770   0.06075
   0.54080   0.20973   0.46923   0.03430   0.00958   0.00275   0.02680   0.05768
   0.52517   0.20160   0.43077   0.03288   0.00979   0.00338   0.02592   0.05489
   0.51065   0.19422   0.39725   0.03157   0.00989   0.00387   0.02507   0.05237
   0.49719   0.18748   0.36786   0.03033   0.00991   0.00421   0.02425   0.05012
   0.48463   0.18131   0.34199   0.02918   0.00988   0.00448   0.02348   0.04805
   0.47283   0.17562   0.31899   0.02813   0.00981   0.00470   0.02274   0.04614
   0.46169   0.17035   0.29856   0.02715   0.00971   0.00484   0.02204   0.04438
   0.45124   0.16548   0.28032   0.02624   0.00960   0.00495   0.02138   0.04276
   0.44141   0.16094   0.26396   0.02539   0.00948   0.00503   0.02077   0.04125
   0.43208   0.15667   0.24917   0.02459   0.00934   0.00509   0.02017   0.03986
   0.42323   0.15267   0.23582   0.02384   0.00921   0.00512   0.01961   0.03855
   0.41489   0.14893   0.22372   0.02314   0.00908   0.00513   0.01909   0.03732
   0.40686   0.14537   0.21265   0.02247   0.00893   0.00512   0.01858   0.03619
   0.39928   0.14204   0.20255   0.02184   0.00878   0.00510   0.01810   0.03514
   0.64238   0.25556   0.67343   0.03354   0.00329  -0.00001   0.02451   0.06279
   0.61183   0.23839   0.59118   0.03170   0.00501  -0.00001   0.02384   0.05800
   0.58509   0.22412   0.52226   0.02999   0.00604  -0.00002   0.02304   0.05390
   0.56149   0.21195   0.46503   0.02841   0.00665   0.00051   0.02216   0.05042
   0.54021   0.20137   0.41699   0.02699   0.00703   0.00142   0.02130   0.04733
   0.52096   0.19201   0.37640   0.02568   0.00723   0.00204   0.02047   0.04464
   0.50336   0.18361   0.34180   0.02445   0.00733   0.00251   0.01966   0.04224
   0.48718   0.17610   0.31210   0.02335   0.00736   0.00285   0.01890   0.04007
   0.47226   0.16927   0.28646   0.02233   0.00733   0.00309   0.01820   0.03814
   0.45845   0.16307   0.26423   0.02141   0.00728   0.00328   0.01752   0.03637
   0.44560   0.15737   0.24470   0.02053   0.00719   0.00340   0.01689   0.03477
   0.43358   0.15213   0.22753   0.01973   0.00709   0.00348   0.01630   0.03332
   0.42236   0.14728   0.21235   0.01899   0.00698   0.00354   0.01574   0.03197
   0.41188   0.14279   0.19886   0.01830   0.00687   0.00358   0.01523   0.03072
   0.40194   0.13860   0.18677   0.01769   0.00674   0.00361   0.01475   0.02956
   0.39259   0.13468   0.17592   0.01709   0.00662   0.00362   0.01429   0.02850
   0.38382   0.13102   0.16615   0.01652   0.00650   0.00362   0.01386   0.02752
   0.37541   0.12757   0.15729   0.01601   0.00638   0.00360   0.01345   0.02658
   0.36749   0.12434   0.14926   0.01553   0.00626   0.00359   0.01307   0.02572
   0.63269   0.23910   0.58704   0.02572   0.00261   0.00003   0.01931   0.04998
   0.59711   0.22117   0.50294   0.02415   0.00389   0.00002   0.01857   0.04568
   0.56669   0.20637   0.43582   0.02267   0.00462   0.00002   0.01776   0.04207
   0.54019   0.19393   0.38186   0.02133   0.00504   0.00041   0.01696   0.03904
   0.51663   0.18320   0.33778   0.02016   0.00527   0.00106   0.01616   0.03641
   0.49553   0.17381   0.30131   0.01908   0.00540   0.00151   0.01542   0.03410
   0.47646   0.16542   0.27074   0.01806   0.00544   0.00183   0.01472   0.03207
   0.45901   0.15798   0.24499   0.01719   0.00542   0.00205   0.01408   0.03026
   0.44314   0.15123   0.22304   0.01636   0.00536   0.00223   0.01350   0.02865
   0.42850   0.14515   0.20416   0.01561   0.00530   0.00234   0.01293   0.02722
   0.41500   0.13956   0.18780   0.01491   0.00521   0.00243   0.01241   0.02591
   0.40244   0.13446   0.17357   0.01427   0.00512   0.00249   0.01193   0.02471
   0.39075   0.12977   0.16107   0.01370   0.00502   0.00253   0.01148   0.02361
   0.37986   0.12545   0.15004   0.01318   0.00492   0.00254   0.01106   0.02261
   0.36967   0.12139   0.14027   0.01265   0.00482   0.00255   0.01067   0.02171
   0.36010   0.11764   0.13155   0.01218   0.00472   0.00255   0.01031   0.02086
   0.35112   0.11417   0.12374   0.01176   0.00463   0.00254   0.00997   0.02007
   0.34258   0.11089   0.11670   0.01135   0.00452   0.00252   0.00964   0.01934
   0.33457   0.10782   0.11033   0.01096   0.00442   0.00249   0.00934   0.01866
   0.61515   0.22136   0.50774   0.01972   0.00189  -0.00013   0.01483   0.03913
   0.57559   0.20299   0.42503   0.01832   0.00290  -0.00014   0.01416   0.03538
   0.54219   0.18807   0.36152   0.01707   0.00344  -0.00013   0.01343   0.03233
   0.51351   0.17560   0.31199   0.01596   0.00373   0.00017   0.01274   0.02979
   0.48838   0.16492   0.27239   0.01494   0.00388   0.00068   0.01208   0.02759
   0.46597   0.15570   0.24027   0.01406   0.00397   0.00102   0.01147   0.02567
   0.44591   0.14750   0.21378   0.01325   0.00397   0.00127   0.01088   0.02403
   0.42775   0.14023   0.19172   0.01253   0.00394   0.00143   0.01036   0.02256
   0.41123   0.13376   0.17314   0.01190   0.00390   0.00156   0.00987   0.02124
   0.39617   0.12787   0.15740   0.01130   0.00383   0.00165   0.00941   0.02011
   0.38232   0.12253   0.14389   0.01075   0.00374   0.00170   0.00901   0.01907
   0.36951   0.11767   0.13221   0.01025   0.00366   0.00173   0.00863   0.01812
   0.35768   0.11321   0.12206   0.00979   0.00358   0.00175   0.00827   0.01726
   0.34672   0.10912   0.11317   0.00938   0.00350   0.00176   0.00794   0.01647
   0.33645   0.10533   0.10533   0.00900   0.00341   0.00176   0.00764   0.01574
   0.32684   0.10182   0.09837   0.00865   0.00333   0.00176   0.00736   0.01507
   0.31786   0.09857   0.09217   0.00833   0.00326   0.00176   0.00709   0.01445
   0.30936   0.09551   0.08662   0.00802   0.00318   0.00173   0.00685   0.01389
   0.30142   0.09266   0.08163   0.00774   0.00310   0.00172   0.00662   0.01337
   0.59136   0.20227   0.43478   0.01466   0.00151  -0.00003   0.01136   0.03014
   0.54855   0.18398   0.35606   0.01356   0.00222  -0.00003   0.01073   0.02701
   0.51298   0.16928   0.29758   0.01255   0.00259  -0.00003   0.01012   0.02447
   0.48276   0.15714   0.25307   0.01167   0.00280   0.00018   0.00951   0.02237
   0.45649   0.14679   0.21822   0.01087   0.00290   0.00054   0.00895   0.02060
   0.43334   0.13789   0.19043   0.01019   0.00292   0.00077   0.00845   0.01906
   0.41273   0.13006   0.16781   0.00956   0.00292   0.00094   0.00798   0.01772
   0.39422   0.12315   0.14923   0.00900   0.00288   0.00107   0.00756   0.01657
   0.37749   0.11700   0.13381   0.00852   0.00282   0.00114   0.00716   0.01556
   0.36235   0.11146   0.12082   0.00804   0.00277   0.00119   0.00681   0.01465
   0.34843   0.10647   0.10978   0.00765   0.00270   0.00123   0.00648   0.01382
   0.33567   0.10191   0.10033   0.00727   0.00263   0.00125   0.00619   0.01308
   0.32393   0.09776   0.09216   0.00692   0.00256   0.00125   0.00591   0.01242
   0.31310   0.09397   0.08505   0.00659   0.00249   0.00124   0.00566   0.01182
   0.30297   0.09046   0.07883   0.00630   0.00243   0.00125   0.00543   0.01127
   0.29355   0.08721   0.07334   0.00603   0.00236   0.00124   0.00521   0.01077
   0.28479   0.08421   0.06847   0.00579   0.00229   0.00122   0.00501   0.01031
   0.27652   0.08141   0.06413   0.00557   0.00223   0.00122   0.00482   0.00988
   0.26880   0.07880   0.06025   0.00538   0.00217   0.00121   0.00464   0.00948
   0.56217   0.18296   0.36880   0.01081   0.00111  -0.00004   0.00853   0.02285
   0.51712   0.16510   0.29569   0.00991   0.00165  -0.00003   0.00799   0.02030
   0.48010   0.15090   0.24297   0.00913   0.00192  -0.00003   0.00747   0.01824
   0.44901   0.13923   0.20374   0.00844   0.00206   0.00013   0.00699   0.01655
   0.42221   0.12940   0.17361   0.00784   0.00212   0.00040   0.00654   0.01513
   0.39883   0.12094   0.14990   0.00730   0.00213   0.00057   0.00613   0.01393
   0.37810   0.11358   0.13094   0.00682   0.00211   0.00068   0.00577   0.01290
   0.35964   0.10710   0.11554   0.00637   0.00207   0.00075   0.00543   0.01201
   0.34308   0.10136   0.10284   0.00601   0.00202   0.00080   0.00513   0.01120
   0.32804   0.09625   0.09227   0.00568   0.00197   0.00084   0.00486   0.01052
   0.31440   0.09163   0.08336   0.00535   0.00192   0.00086   0.00461   0.00990
   0.30192   0.08744   0.07579   0.00507   0.00186   0.00088   0.00439   0.00934
   0.29047   0.08364   0.06929   0.00483   0.00180   0.00088   0.00418   0.00884
   0.27994   0.08017   0.06367   0.00461   0.00175   0.00088   0.00398   0.00838
   0.27016   0.07697   0.05878   0.00438   0.00170   0.00087   0.00381   0.00797
   0.26109   0.07403   0.05449   0.00418   0.00165   0.00086   0.00365   0.00759
   0.25267   0.07132   0.05071   0.00401   0.00160   0.00085   0.00349   0.00724
   0.24475   0.06878   0.04735   0.00385   0.00155   0.00084   0.00336   0.00692
   0.23739   0.06644   0.04435   0.00370   0.00151   0.00083   0.00323   0.00662
   0.52873   0.16373   0.30947   0.00780   0.00085  -0.00001   0.00632   0.01702
   0.48229   0.14659   0.24315   0.00711   0.00123  -0.00001   0.00589   0.01498
   0.44461   0.13309   0.19654   0.00652   0.00143   0.00000   0.00546   0.01336
   0.41328   0.12208   0.16262   0.00599   0.00150   0.00011   0.00506   0.01206
   0.38647   0.11288   0.13697   0.00555   0.00154   0.00031   0.00472   0.01095
   0.36326   0.10501   0.11712   0.00513   0.00155   0.00043   0.00441   0.01004
   0.34283   0.09817   0.10140   0.00479   0.00152   0.00050   0.00410   0.00925
   0.32473   0.09221   0.08878   0.00445   0.00148   0.00055   0.00386   0.00858
   0.30856   0.08696   0.07850   0.00417   0.00144   0.00059   0.00363   0.00797
   0.29401   0.08230   0.07001   0.00393   0.00140   0.00060   0.00343   0.00744
   0.28081   0.07808   0.06290   0.00371   0.00135   0.00061   0.00324   0.00698
   0.26881   0.07430   0.05691   0.00350   0.00131   0.00062   0.00307   0.00655
   0.25784   0.07087   0.05181   0.00331   0.00126   0.00061   0.00291   0.00618
   0.24779   0.06774   0.04742   0.00316   0.00122   0.00061   0.00277   0.00585
   0.23847   0.06489   0.04360   0.00302   0.00118   0.00061   0.00263   0.00554
   0.22989   0.06225   0.04028   0.00288   0.00115   0.00060   0.00252   0.00526
   0.22196   0.05980   0.03738   0.00274   0.00112   0.00059   0.00241   0.00500
   0.21450   0.05756   0.03480   0.00262   0.00107   0.00057   0.00231   0.00477
   0.20757   0.05549   0.03251   0.00251   0.00103   0.00056   0.00221   0.00456
   0.49194   0.14499   0.25671   0.00551   0.00066   0.00006   0.00463   0.01244
   0.44508   0.12882   0.19780   0.00501   0.00094   0.00004   0.00427   0.01086
   0.40748   0.11617   0.15741   0.00455   0.00107   0.00004   0.00394   0.00961
   0.37645   0.10596   0.12853   0.00415   0.00111   0.00011   0.00363   0.00864
   0.35016   0.09744   0.10705   0.00381   0.00112   0.00025   0.00335   0.00782
   0.32742   0.09024   0.09064   0.00357   0.00113   0.00033   0.00313   0.00709
   0.30766   0.08402   0.07783   0.00329   0.00109   0.00038   0.00290   0.00650
   0.29022   0.07860   0.06765   0.00304   0.00106   0.00040   0.00271   0.00601
   0.27472   0.07385   0.05943   0.00285   0.00102   0.00042   0.00254   0.00556
   0.26083   0.06964   0.05267   0.00267   0.00098   0.00043   0.00239   0.00516
   0.24830   0.06587   0.04709   0.00252   0.00095   0.00045   0.00224   0.00483
   0.23696   0.06247   0.04240   0.00236   0.00092   0.00045   0.00212   0.00454
   0.22660   0.05942   0.03843   0.00223   0.00088   0.00044   0.00201   0.00426
   0.21713   0.05666   0.03504   0.00214   0.00085   0.00043   0.00190   0.00401
   0.20842   0.05413   0.03211   0.00203   0.00083   0.00043   0.00181   0.00378
   0.20040   0.05181   0.02957   0.00193   0.00080   0.00042   0.00172   0.00358
   0.19300   0.04967   0.02735   0.00184   0.00077   0.00042   0.00164   0.00341
   0.18611   0.04769   0.02540   0.00175   0.00074   0.00041   0.00157   0.00324
   0.17973   0.04587   0.02368   0.00167   0.00072   0.00041   0.00151   0.00308
   0.45296   0.12719   0.21063   0.00388   0.00046   0.00001   0.00328   0.00894
   0.40646   0.11215   0.15922   0.00352   0.00066   0.00002   0.00302   0.00773
   0.36955   0.10046   0.12478   0.00317   0.00074   0.00001   0.00276   0.00681
   0.33933   0.09110   0.10061   0.00290   0.00078   0.00006   0.00253   0.00607
   0.31394   0.08336   0.08289   0.00266   0.00078   0.00016   0.00233   0.00545
   0.29221   0.07682   0.06956   0.00243   0.00078   0.00021   0.00217   0.00493
   0.27328   0.07122   0.05922   0.00225   0.00076   0.00026   0.00199   0.00453
   0.25675   0.06637   0.05113   0.00207   0.00073   0.00027   0.00185   0.00416
   0.24212   0.06213   0.04463   0.00193   0.00070   0.00029   0.00174   0.00383
   0.22905   0.05839   0.03935   0.00182   0.00067   0.00030   0.00163   0.00355
   0.21731   0.05508   0.03501   0.00171   0.00065   0.00030   0.00152   0.00329
   0.20671   0.05209   0.03138   0.00162   0.00062   0.00030   0.00143   0.00307
   0.19712   0.04940   0.02833   0.00152   0.00060   0.00030   0.00135   0.00288
   0.18840   0.04696   0.02574   0.00142   0.00058   0.00029   0.00128   0.00271
   0.18037   0.04474   0.02351   0.00135   0.00054   0.00028   0.00121   0.00257
   0.17298   0.04272   0.02158   0.00129   0.00052   0.00027   0.00115   0.00243
   0.16618   0.04087   0.01990   0.00123   0.00050   0.00027   0.00109   0.00231
   0.15987   0.03915   0.01844   0.00117   0.00049   0.00027   0.00104   0.00219
   0.15405   0.03757   0.01715   0.00111   0.00048   0.00027   0.00099   0.00207
   0.41259   0.11034   0.17064   0.00266   0.00033   0.00002   0.00230   0.00631
   0.36730   0.09657   0.12665   0.00239   0.00045   0.00003   0.00209   0.00543
   0.33164   0.08597   0.09780   0.00218   0.00051   0.00002   0.00190   0.00472
   0.30270   0.07753   0.07791   0.00199   0.00054   0.00006   0.00174   0.00417
   0.27856   0.07058   0.06352   0.00181   0.00053   0.00011   0.00159   0.00374
   0.25801   0.06474   0.05285   0.00167   0.00051   0.00015   0.00144   0.00338
   0.24023   0.05978   0.04465   0.00155   0.00050   0.00017   0.00134   0.00306
   0.22478   0.05549   0.03828   0.00142   0.00048   0.00018   0.00124   0.00281
   0.21114   0.05175   0.03323   0.00132   0.00047   0.00018   0.00116   0.00259
   0.19903   0.04850   0.02914   0.00125   0.00044   0.00020   0.00107   0.00239
   0.18828   0.04558   0.02579   0.00114   0.00042   0.00019   0.00101   0.00220
   0.17854   0.04299   0.02303   0.00107   0.00041   0.00019   0.00094   0.00205
   0.16976   0.04065   0.02072   0.00101   0.00039   0.00019   0.00089   0.00193
   0.16180   0.03854   0.01875   0.00094   0.00037   0.00018   0.00083   0.00181
   0.15450   0.03664   0.01708   0.00090   0.00036   0.00018   0.00079   0.00170
   0.14780   0.03490   0.01564   0.00085   0.00035   0.00018   0.00075   0.00160
   0.14165   0.03330   0.01439   0.00081   0.00033   0.00017   0.00071   0.00152
   0.13594   0.03184   0.01330   0.00078   0.00031   0.00016   0.00067   0.00144
   0.13069   0.03049   0.01234   0.00075   0.00030   0.00016   0.00064   0.00136
   0.37169   0.09462   0.13629   0.00175   0.00025   0.00003   0.00161   0.00436
   0.32820   0.08218   0.09932   0.00159   0.00034   0.00004   0.00145   0.00368
   0.29428   0.07269   0.07559   0.00143   0.00037   0.00004   0.00130   0.00320
   0.26702   0.06514   0.05946   0.00129   0.00038   0.00006   0.00119   0.00283
   0.24437   0.05900   0.04800   0.00117   0.00037   0.00010   0.00108   0.00251
   0.22521   0.05388   0.03956   0.00108   0.00036   0.00010   0.00099   0.00225
   0.20877   0.04953   0.03318   0.00100   0.00036   0.00012   0.00090   0.00203
   0.19452   0.04580   0.02825   0.00091   0.00034   0.00014   0.00084   0.00184
   0.18204   0.04255   0.02438   0.00083   0.00032   0.00014   0.00078   0.00170
   0.17100   0.03972   0.02127   0.00078   0.00032   0.00015   0.00072   0.00155
   0.16116   0.03723   0.01875   0.00073   0.00030   0.00014   0.00067   0.00144
   0.15236   0.03500   0.01667   0.00069   0.00029   0.00014   0.00063   0.00132
   0.14443   0.03300   0.01494   0.00065   0.00027   0.00013   0.00060   0.00124
   0.13725   0.03120   0.01348   0.00060   0.00026   0.00013   0.00056   0.00117
   0.13071   0.02958   0.01224   0.00056   0.00025   0.00012   0.00053   0.00110
   0.12474   0.02810   0.01118   0.00053   0.00024   0.00012   0.00050   0.00103
   0.11927   0.02675   0.01026   0.00050   0.00023   0.00013   0.00047   0.00098
   0.11420   0.02552   0.00946   0.00049   0.00023   0.00012   0.00045   0.00092
   0.10953   0.02439   0.00876   0.00047   0.00022   0.00012   0.00042   0.00087
   0.33115   0.08028   0.10734   0.00114   0.00018   0.00003   0.00109   0.00291
   0.29000   0.06914   0.07679   0.00099   0.00023   0.00003   0.00097   0.00250
   0.25818   0.06072   0.05757   0.00090   0.00027   0.00002   0.00089   0.00214
   0.23280   0.05411   0.04475   0.00081   0.00027   0.00005   0.00080   0.00188
   0.21189   0.04875   0.03575   0.00073   0.00027   0.00007   0.00073   0.00165
   0.19435   0.04428   0.02922   0.00065   0.00026   0.00009   0.00066   0.00148
   0.17934   0.04053   0.02432   0.00059   0.00025   0.00010   0.00061   0.00134
   0.16637   0.03732   0.02058   0.00054   0.00024   0.00011   0.00057   0.00121
   0.15507   0.03456   0.01765   0.00051   0.00023   0.00011   0.00052   0.00110
   0.14516   0.03214   0.01533   0.00047   0.00022   0.00011   0.00049   0.00102
   0.13635   0.03001   0.01346   0.00043   0.00021   0.00011   0.00045   0.00092
   0.12850   0.02813   0.01192   0.00040   0.00020   0.00010   0.00042   0.00085
   0.12145   0.02644   0.01064   0.00037   0.00019   0.00010   0.00039   0.00079
   0.11509   0.02494   0.00957   0.00034   0.00018   0.00010   0.00037   0.00074
   0.10931   0.02358   0.00867   0.00032   0.00017   0.00010   0.00035   0.00068
   0.10404   0.02235   0.00790   0.00030   0.00017   0.00010   0.00033   0.00065
   0.09922   0.02122   0.00723   0.00029   0.00016   0.00010   0.00031   0.00062
   0.09478   0.02020   0.00666   0.00028   0.00016   0.00009   0.00029   0.00057
   0.09071   0.01926   0.00615   0.00027   0.00015   0.00009   0.00028   0.00053
   0.29165   0.06740   0.08342   0.00079   0.00008  -0.00002   0.00068   0.00194
   0.25334   0.05762   0.05867   0.00072   0.00013   0.00000   0.00061   0.00161
   0.22402   0.05028   0.04339   0.00064   0.00015  -0.00001   0.00054   0.00139
   0.20081   0.04455   0.03335   0.00056   0.00015   0.00000   0.00049   0.00121
   0.18176   0.03993   0.02640   0.00052   0.00015   0.00002   0.00043   0.00105
   0.16588   0.03612   0.02141   0.00047   0.00014   0.00004   0.00039   0.00095
   0.15237   0.03292   0.01770   0.00044   0.00014   0.00003   0.00036   0.00085
   0.14079   0.03020   0.01490   0.00040   0.00013   0.00005   0.00034   0.00079
   0.13079   0.02786   0.01272   0.00035   0.00013   0.00005   0.00031   0.00069
   0.12196   0.02582   0.01099   0.00034   0.00012   0.00005   0.00029   0.00064
   0.11418   0.02404   0.00961   0.00032   0.00012   0.00005   0.00026   0.00058
   0.10724   0.02246   0.00848   0.00030   0.00011   0.00005   0.00025   0.00054
   0.10106   0.02106   0.00756   0.00028   0.00011   0.00005   0.00023   0.00050
   0.09553   0.01981   0.00678   0.00025   0.00009   0.00004   0.00021   0.00047
   0.09048   0.01868   0.00613   0.00024   0.00009   0.00004   0.00020   0.00044
   0.08590   0.01766   0.00557   0.00023   0.00009   0.00004   0.00019   0.00040
   0.08172   0.01674   0.00509   0.00023   0.00008   0.00004   0.00018   0.00038
   0.07790   0.01590   0.00468   0.00021   0.00008   0.00004   0.00017   0.00036
   0.07440   0.01513   0.00431   0.00018   0.00007   0.00004   0.00015   0.00034
   0.25348   0.05564   0.06353   0.00042   0.00008   0.00004   0.00046   0.00125
   0.21832   0.04721   0.04392   0.00042   0.00011   0.00002   0.00041   0.00101
   0.19167   0.04092   0.03204   0.00036   0.00010   0.00001   0.00036   0.00088
   0.17072   0.03604   0.02435   0.00033   0.00011   0.00002   0.00033   0.00075
   0.15368   0.03214   0.01910   0.00031   0.00011   0.00003   0.00029   0.00066
   0.13954   0.02893   0.01535   0.00028   0.00011   0.00004   0.00026   0.00059
   0.12762   0.02625   0.01262   0.00025   0.00009   0.00004   0.00023   0.00052
   0.11743   0.02398   0.01056   0.00023   0.00009   0.00004   0.00022   0.00046
   0.10861   0.02204   0.00896   0.00021   0.00008   0.00004   0.00019   0.00043
   0.10094   0.02036   0.00772   0.00019   0.00008   0.00004   0.00018   0.00039
   0.09418   0.01889   0.00672   0.00018   0.00008   0.00004   0.00016   0.00036
   0.08818   0.01760   0.00591   0.00017   0.00007   0.00004   0.00015   0.00033
   0.08283   0.01645   0.00525   0.00016   0.00007   0.00003   0.00014   0.00031
   0.07805   0.01543   0.00470   0.00015   0.00006   0.00003   0.00013   0.00028
   0.07374   0.01451   0.00423   0.00014   0.00006   0.00003   0.00012   0.00026
   0.06983   0.01369   0.00384   0.00013   0.00006   0.00003   0.00012   0.00024
   0.06627   0.01294   0.00350   0.00012   0.00006   0.00003   0.00011   0.00023
   0.06301   0.01226   0.00321   0.00012   0.00005   0.00003   0.00010   0.00021
   0.06003   0.01164   0.00296   0.00012   0.00004   0.00002   0.00010   0.00020
   0.21732   0.04536   0.04753   0.00025   0.00008   0.00004   0.00031   0.00074
   0.18560   0.03816   0.03230   0.00024   0.00009   0.00004   0.00027   0.00063
   0.16182   0.03284   0.02323   0.00019   0.00008   0.00003   0.00024   0.00053
   0.14316   0.02876   0.01746   0.00020   0.00008   0.00003   0.00021   0.00046
   0.12818   0.02550   0.01357   0.00016   0.00007   0.00003   0.00019   0.00040
   0.11580   0.02284   0.01082   0.00014   0.00007   0.00003   0.00017   0.00036
   0.10538   0.02063   0.00883   0.00013   0.00006   0.00003   0.00015   0.00032
   0.09655   0.01876   0.00734   0.00012   0.00007   0.00004   0.00014   0.00028
   0.08894   0.01718   0.00621   0.00012   0.00006   0.00003   0.00012   0.00025
   0.08234   0.01581   0.00532   0.00011   0.00005   0.00003   0.00011   0.00022
   0.07655   0.01462   0.00462   0.00009   0.00005   0.00003   0.00010   0.00021
   0.07143   0.01357   0.00405   0.00009   0.00005   0.00003   0.00009   0.00020
   0.06689   0.01265   0.00359   0.00009   0.00004   0.00003   0.00009   0.00018
   0.06284   0.01183   0.00320   0.00009   0.00004   0.00003   0.00008   0.00016
   0.05919   0.01110   0.00288   0.00008   0.00004   0.00002   0.00008   0.00015
   0.05591   0.01044   0.00261   0.00007   0.00004   0.00002   0.00007   0.00014
   0.05294   0.00985   0.00237   0.00006   0.00003   0.00002   0.00007   0.00013
   0.05021   0.00930   0.00217   0.00006   0.00003   0.00002   0.00006   0.00012
   0.04773   0.00881   0.00200   0.00006   0.00003   0.00002   0.00006   0.00012
   0.18386   0.03650   0.03495   0.00018   0.00002  -0.00001   0.00016   0.00048
   0.15570   0.03046   0.02334   0.00017   0.00003   0.00001   0.00015   0.00037
   0.13474   0.02603   0.01657   0.00012   0.00003   0.00000   0.00013   0.00033
   0.11846   0.02266   0.01233   0.00013   0.00004   0.00000   0.00011   0.00028
   0.10544   0.01998   0.00949   0.00012   0.00004   0.00002   0.00010   0.00025
   0.09476   0.01780   0.00752   0.00011   0.00004   0.00001   0.00009   0.00021
   0.08587   0.01601   0.00610   0.00008   0.00004   0.00001   0.00008   0.00018
   0.07831   0.01450   0.00504   0.00008   0.00004   0.00001   0.00007   0.00016
   0.07183   0.01322   0.00425   0.00008   0.00003   0.00001   0.00007   0.00016
   0.06625   0.01212   0.00362   0.00007   0.00003   0.00002   0.00006   0.00014
   0.06136   0.01118   0.00313   0.00008   0.00003   0.00001   0.00005   0.00013
   0.05708   0.01034   0.00274   0.00006   0.00002   0.00001   0.00005   0.00012
   0.05330   0.00961   0.00242   0.00006   0.00002   0.00001   0.00005   0.00011
   0.04993   0.00896   0.00216   0.00005   0.00002   0.00001   0.00004   0.00010
   0.04689   0.00838   0.00194   0.00005   0.00002   0.00001   0.00004   0.00009
   0.04417   0.00787   0.00175   0.00005   0.00002   0.00001   0.00004   0.00008
   0.04171   0.00740   0.00159   0.00004   0.00002   0.00001   0.00004   0.00008
   0.03946   0.00698   0.00145   0.00005   0.00002   0.00001   0.00003   0.00007
   0.03742   0.00660   0.00134   0.00005   0.00002   0.00001   0.00003   0.00006
   0.15289   0.02877   0.02504   0.00007   0.00004   0.00003   0.00012   0.00026
   0.12832   0.02380   0.01644   0.00006   0.00004   0.00002   0.00010   0.00022
   0.11020   0.02020   0.01151   0.00005   0.00003   0.00002   0.00009   0.00019
   0.09626   0.01746   0.00847   0.00005   0.00003   0.00002   0.00008   0.00016
   0.08517   0.01531   0.00646   0.00004   0.00003   0.00002   0.00007   0.00014
   0.07612   0.01358   0.00508   0.00004   0.00003   0.00002   0.00006   0.00012
   0.06861   0.01215   0.00410   0.00004   0.00003   0.00002   0.00005   0.00010
   0.06228   0.01096   0.00337   0.00004   0.00002   0.00001   0.00005   0.00008
   0.05691   0.00995   0.00282   0.00003   0.00002   0.00001   0.00005   0.00007
   0.05227   0.00908   0.00240   0.00004   0.00002   0.00002   0.00004   0.00007
   0.04825   0.00834   0.00207   0.00003   0.00002   0.00001   0.00003   0.00006
   0.04472   0.00769   0.00181   0.00003   0.00002   0.00001   0.00003   0.00006
   0.04161   0.00713   0.00159   0.00002   0.00002   0.00001   0.00003   0.00006
   0.03886   0.00663   0.00141   0.00002   0.00002   0.00001   0.00003   0.00005
   0.03638   0.00618   0.00127   0.00002   0.00001   0.00001   0.00002   0.00005
   0.03417   0.00578   0.00114   0.00002   0.00001   0.00001   0.00002   0.00004
   0.03219   0.00543   0.00104   0.00002   0.00001   0.00001   0.00002   0.00004
   0.03038   0.00510   0.00095   0.00001   0.00001   0.00001   0.00002   0.00004
   0.02874   0.00481   0.00087   0.00001   0.00001   0.00001   0.00002   0.00004
   0.10040   0.01696   0.01196   0.00002   0.00000   0.00000   0.00003   0.00009
   0.08270   0.01378   0.00758   0.00001   0.00001   0.00000   0.00003   0.00007
   0.06988   0.01151   0.00517   0.00002   0.00001   0.00000   0.00002   0.00006
   0.06019   0.00982   0.00372   0.00002   0.00001   0.00000   0.00002   0.00004
   0.05258   0.00850   0.00279   0.00002   0.00001   0.00000   0.00002   0.00003
   0.04647   0.00746   0.00216   0.00002   0.00001   0.00000   0.00002   0.00003
   0.04146   0.00660   0.00173   0.00001   0.00001   0.00000   0.00002   0.00003
   0.03727   0.00590   0.00141   0.00001   0.00001   0.00000   0.00001   0.00002
   0.03375   0.00531   0.00117   0.00001   0.00001   0.00000   0.00001   0.00002
   0.03076   0.00481   0.00099   0.00001   0.00001   0.00000   0.00001   0.00002
   0.02815   0.00438   0.00085   0.00001   0.00001   0.00000   0.00001   0.00002
   0.02591   0.00401   0.00074   0.00001   0.00001   0.00000   0.00001   0.00002
   0.02394   0.00369   0.00065   0.00001   0.00001   0.00000   0.00001   0.00002
   0.02221   0.00341   0.00057   0.00001   0.00000   0.00000   0.00001   0.00001
   0.02067   0.00316   0.00051   0.00001   0.00000   0.00000   0.00001   0.00001
   0.01930   0.00294   0.00046   0.00000   0.00000   0.00000   0.00001   0.00001
   0.01807   0.00275   0.00042   0.00000   0.00000   0.00000   0.00001   0.00001
   0.01696   0.00257   0.00038   0.00000   0.00000   0.00000   0.00001   0.00001
   0.01596   0.00241   0.00035   0.00000   0.00001   0.00000   0.00001   0.00001
   0.06032   0.00908   0.00501   0.00001   0.00000  -0.00001   0.00000   0.00002
   0.04870   0.00723   0.00307   0.00001   0.00000   0.00000   0.00000   0.00002
   0.04045   0.00594   0.00204   0.00001   0.00000   0.00000   0.00000   0.00001
   0.03432   0.00499   0.00144   0.00000   0.00000   0.00000   0.00000   0.00001
   0.02958   0.00427   0.00107   0.00000   0.00000   0.00000   0.00000   0.00001
   0.02582   0.00369   0.00082   0.00000   0.00000   0.00000   0.00000   0.00001
   0.02277   0.00324   0.00065   0.00000   0.00000   0.00000   0.00000   0.00001
   0.02026   0.00286   0.00052   0.00001   0.00000   0.00000   0.00000   0.00001
   0.01817   0.00255   0.00043   0.00000   0.00000   0.00000   0.00000   0.00001
   0.01641   0.00229   0.00036   0.00000   0.00000   0.00000   0.00000   0.00000
   0.01490   0.00207   0.00031   0.00000   0.00000   0.00000   0.00000   0.00001
   0.01360   0.00188   0.00027   0.00000   0.00000   0.00000   0.00000   0.00000
   0.01247   0.00172   0.00023   0.00000   0.00000   0.00000   0.00000   0.00000
   0.01149   0.00158   0.00021   0.00000   0.00000   0.00000   0.00000   0.00000
   0.01062   0.00145   0.00018   0.00000   0.00000   0.00000   0.00000   0.00000
   0.00985   0.00134   0.00017   0.00000   0.00000   0.00000   0.00000   0.00000
   0.00917   0.00125   0.00015   0.00000   0.00000   0.00000   0.00000   0.00000
   0.00855   0.00116   0.00014   0.00000   0.00000   0.00000   0.00000   0.00000
   0.00801   0.00108   0.00012   0.00000   0.00000   0.00000   0.00000   0.00000
   0.03225   0.00427   0.00177   0.00001   0.00000   0.00000   0.00000   0.00001
   0.02545   0.00333   0.00105   0.00000   0.00000   0.00000   0.00000   0.00001
   0.02074   0.00268   0.00068   0.00000   0.00000   0.00000   0.00000   0.00000
   0.01729   0.00222   0.00047   0.00000   0.00000   0.00000   0.00000   0.00000
   0.01468   0.00187   0.00034   0.00000   0.00000   0.00000   0.00000   0.00000
   0.01264   0.00160   0.00026   0.00000   0.00000   0.00000   0.00000   0.00000
   0.01101   0.00138   0.00021   0.00000   0.00000   0.00000   0.00000   0.00000
   0.00968   0.00121   0.00017   0.00000   0.00000   0.00000   0.00000   0.00000
   0.00859   0.00107   0.00014   0.00000   0.00000   0.00000   0.00000   0.00000
   0.00768   0.00095   0.00011   0.00000   0.00000   0.00000   0.00000   0.00000
   0.00690   0.00085   0.00010   0.00000   0.00000   0.00000   0.00000   0.00000
   0.00625   0.00076   0.00008   0.00000   0.00000   0.00000   0.00000   0.00000
   0.00568   0.00069   0.00007   0.00000   0.00000   0.00000   0.00000   0.00000
   0.00519   0.00063   0.00006   0.00000   0.00000   0.00000   0.00000   0.00000
   0.00476   0.00058   0.00006   0.00000   0.00000   0.00000   0.00000   0.00000
   0.00438   0.00053   0.00005   0.00000   0.00000   0.00000   0.00000   0.00000
   0.00405   0.00049   0.00005   0.00000   0.00000   0.00000   0.00000   0.00000
   0.00376   0.00045   0.00004   0.00000   0.00000   0.00000   0.00000   0.00000
   0.00349   0.00042   0.00004   0.00000   0.00000   0.00000   0.00000   0.00000
   0.01453   0.00165   0.00048   0.00000   0.00000   0.00000   0.00000   0.00000
   0.01117   0.00126   0.00028   0.00000   0.00000   0.00000   0.00000   0.00000
   0.00890   0.00099   0.00018   0.00000   0.00000   0.00000   0.00000   0.00000
   0.00728   0.00080   0.00012   0.00000   0.00000   0.00000   0.00000   0.00000
   0.00607   0.00067   0.00009   0.00000   0.00000   0.00000   0.00000   0.00000
   0.00515   0.00056   0.00007   0.00000   0.00000   0.00000   0.00000   0.00000
   0.00442   0.00048   0.00005   0.00000   0.00000   0.00000   0.00000   0.00000
   0.00383   0.00041   0.00004   0.00000   0.00000   0.00000   0.00000   0.00000
   0.00336   0.00036   0.00003   0.00000   0.00000   0.00000   0.00000   0.00000
   0.00297   0.00032   0.00003   0.00000   0.00000   0.00000   0.00000   0.00000
   0.00264   0.00028   0.00002   0.00000   0.00000   0.00000   0.00000   0.00000
   0.00236   0.00025   0.00002   0.00000   0.00000   0.00000   0.00000   0.00000
   0.00213   0.00022   0.00002   0.00000   0.00000   0.00000   0.00000   0.00000
   0.00193   0.00020   0.00002   0.00000   0.00000   0.00000   0.00000   0.00000
   0.00175   0.00018   0.00002   0.00000   0.00000   0.00000   0.00000   0.00000
   0.00160   0.00017   0.00001   0.00000   0.00000   0.00000   0.00000   0.00000
   0.00147   0.00015   0.00001   0.00000   0.00000   0.00000   0.00000   0.00000
   0.00135   0.00014   0.00001   0.00000   0.00000   0.00000   0.00000   0.00000
   0.00124   0.00013   0.00001   0.00000   0.00000   0.00000   0.00000   0.00000
   0.00110   0.00008   0.00001   0.00000   0.00000   0.00000   0.00000   0.00000
   0.00079   0.00006   0.00001   0.00000   0.00000   0.00000   0.00000   0.00000
   0.00059   0.00004   0.00000   0.00000   0.00000   0.00000   0.00000   0.00000
   0.00045   0.00003   0.00000   0.00000   0.00000   0.00000   0.00000   0.00000
   0.00036   0.00003   0.00000   0.00000   0.00000   0.00000   0.00000   0.00000
   0.00029   0.00002   0.00000   0.00000   0.00000   0.00000   0.00000   0.00000
   0.00024   0.00002   0.00000   0.00000   0.00000   0.00000   0.00000   0.00000
   0.00020   0.00001   0.00000   0.00000   0.00000   0.00000   0.00000   0.00000
   0.00017   0.00001   0.00000   0.00000   0.00000   0.00000   0.00000   0.00000
   0.00014   0.00001   0.00000   0.00000   0.00000   0.00000   0.00000   0.00000
   0.00012   0.00001   0.00000   0.00000   0.00000   0.00000   0.00000   0.00000
   0.00011   0.00001   0.00000   0.00000   0.00000   0.00000   0.00000   0.00000
   0.00009   0.00001   0.00000   0.00000   0.00000   0.00000   0.00000   0.00000
   0.00008   0.00001   0.00000   0.00000   0.00000   0.00000   0.00000   0.00000
   0.00007   0.00001   0.00000   0.00000   0.00000   0.00000   0.00000   0.00000
   0.00006   0.00001   0.00000   0.00000   0.00000   0.00000   0.00000   0.00000
   0.00006   0.00001   0.00000   0.00000   0.00000   0.00000   0.00000   0.00000
   0.00005   0.00001   0.00000   0.00000   0.00000   0.00000   0.00000   0.00000
   0.00005   0.00001   0.00000   0.00000   0.00000   0.00000   0.00000   0.00000

