   0.00350   0.00584  15.76545   1.36380   0.15972   0.00000   0.73557   1.36685
   0.00388   0.00609  26.72803   1.67856   0.48954   0.00000   1.05886   1.68223
   0.00423   0.00632  39.70970   2.05033   0.87447   0.00000   1.43812   2.05457
   0.00457   0.00653  54.51459   2.47316   1.30900   0.18116   1.86762   2.47792
   0.00489   0.00673  70.80423   2.94346   1.78988   0.70933   2.34397   2.94871
   0.00520   0.00693  88.54226   3.45863   2.31472   1.24271   2.86469   3.46434
   0.00549   0.00711 107.51952   4.01425   2.87924   1.81975   3.42544   4.02039
   0.00577   0.00729 127.57347   4.60658   3.47983   2.43115   4.02253   4.61314
   0.00605   0.00746 148.57693   5.23245   4.11339   3.07486   4.65284   5.23940
   0.00632   0.00762 170.40149   5.88889   4.77703   3.74793   5.31345   5.89621
   0.00657   0.00778 192.71471   6.56903   5.46396   4.44370   5.99753   6.57672
   0.00683   0.00794 215.68127   7.27477   6.17609   5.16412   6.70698   7.28281
   0.00707   0.00809 239.28069   8.00535   6.91272   5.90856   7.44108   8.01372
   0.00731   0.00823 263.13687   8.75291   7.66602   6.66925   8.19198   8.76160
   0.00754   0.00838 287.34186   9.51840   8.43698   7.44721   8.96066   9.52740
   0.00777   0.00852 312.06598  10.30521   9.22899   8.24587   9.75050  10.31451
   0.00799   0.00865 336.64063  11.09840  10.02717   9.05040  10.54661  11.10800
   0.00821   0.00878 361.79715  11.91353  10.84707   9.87634  11.36452  11.92340
   0.00842   0.00891 386.70850  12.73188  11.67000  10.70506  12.18556  12.74203
   0.00536   0.00758  13.84617   1.20533   0.13713   0.00000   0.64647   1.20833
   0.00590   0.00792  22.73385   1.46475   0.41024   0.00000   0.91345   1.46816
   0.00640   0.00823  32.96960   1.76511   0.72254   0.00000   1.22044   1.76890
   0.00687   0.00852  44.38044   2.10098   1.06901   0.14397   1.56220   2.10511
   0.00732   0.00879  56.69380   2.46896   1.44657   0.56022   1.93553   2.47341
   0.00774   0.00905  69.87840   2.86672   1.85308   0.97434   2.33817   2.87147
   0.00815   0.00930  83.77415   3.29058   2.28500   1.41696   2.76653   3.29561
   0.00855   0.00954  98.26125   3.73752   2.73940   1.88065   3.21765   3.74282
   0.00893   0.00977 113.24922   4.20504   3.21388   2.36384   3.68907   4.21060
   0.00929   0.00999 128.64873   4.69090   3.70623   2.86430   4.17858   4.69669
   0.00965   0.01020 144.22554   5.18993   4.21138   3.37703   4.68105   5.19596
   0.01000   0.01041 160.10609   5.70364   4.73085   3.90362   5.19800   5.70989
   0.01033   0.01061 176.28105   6.23151   5.26417   4.44364   5.72894   6.23798
   0.01066   0.01080 192.48924   6.76780   5.80564   4.99144   6.26815   6.77447
   0.01098   0.01099 208.80417   7.31332   6.35608   5.54789   6.81645   7.32020
   0.01129   0.01117 225.35027   7.87063   6.91808   6.11559   7.37640   7.87770
   0.01159   0.01135 241.66792   8.42894   7.48087   6.68382   7.93724   8.43619
   0.01189   0.01152 258.27087   8.99965   8.05586   7.26399   8.51037   9.00708
   0.01218   0.01169 274.59384   9.56934   8.62967   7.84276   9.08239   9.57695
   0.00811   0.00984  12.15788   1.06455   0.11760   0.00000   0.56796   1.06759
   0.00887   0.01030  19.33097   1.27746   0.34297   0.00000   0.78763   1.28076
   0.00957   0.01072  27.36415   1.51900   0.59538   0.00000   1.03507   1.52253
   0.01022   0.01111  36.11627   1.78447   0.87049   0.11395   1.30578   1.78822
   0.01085   0.01148  45.37636   2.07092   1.16565   0.44068   1.59697   2.07487
   0.01144   0.01183  55.12385   2.37640   1.47909   0.76087   1.90679   2.38055
   0.01201   0.01217  65.24172   2.69800   1.80801   1.09891   2.23238   2.70232
   0.01255   0.01248  75.64615   3.03339   2.15017   1.44904   2.57146   3.03787
   0.01308   0.01279  86.27654   3.38069   2.50378   1.81011   2.92221   3.38533
   0.01358   0.01309  97.07407   3.73825   2.86723   2.18050   3.28299   3.74305
   0.01407   0.01337 107.87643   4.10229   3.23681   2.55657   3.65006   4.10723
   0.01455   0.01364 118.78291   4.47404   3.61379   2.93964   4.02467   4.47912
   0.01501   0.01391 129.79192   4.85320   3.99788   3.32947   4.40653   4.85841
   0.01545   0.01416 140.72470   5.23563   4.38499   3.72199   4.79152   5.24096
   0.01589   0.01441 151.63962   5.62203   4.77584   4.11799   5.18036   5.62748
   0.01631   0.01466 162.62886   6.01435   5.17240   4.51942   5.57501   6.01993
   0.01672   0.01489 173.37791   6.40488   5.56699   4.91866   5.96776   6.41057
   0.01713   0.01512 184.24803   6.80195   5.96792   5.32403   6.36695   6.80775
   0.01752   0.01534 194.85468   7.19599   6.36569   5.72603   6.76304   7.20190
   0.01027   0.01146  11.26534   0.98946   0.10742   0.00000   0.52641   0.99259
   0.01120   0.01201  17.57743   1.17869   0.30847   0.00000   0.72198   1.18202
   0.01205   0.01252  24.53098   1.39077   0.53085   0.00000   0.93960   1.39428
   0.01285   0.01298  32.00478   1.62148   0.77071   0.09916   1.17523   1.62516
   0.01360   0.01343  39.82050   1.86819   1.02567   0.38213   1.42638   1.87202
   0.01432   0.01384  47.96474   2.12920   1.29423   0.65695   1.69145   2.13318
   0.01501   0.01424  56.34219   2.40202   1.57398   0.94502   1.96801   2.40613
   0.01567   0.01462  64.88661   2.68469   1.86306   1.24137   2.25413   2.68893
   0.01630   0.01498  73.55186   2.97566   2.16000   1.54511   2.54832   2.98001
   0.01691   0.01533  82.29319   3.27357   2.46350   1.85493   2.84924   3.27804
   0.01750   0.01566  90.98100   3.57530   2.77048   2.16783   3.15381   3.57988
   0.01807   0.01599  99.70162   3.88197   3.08209   2.48500   3.46314   3.88665
   0.01862   0.01630 108.45699   4.19338   3.39817   2.80630   3.77707   4.19816
   0.01916   0.01660 117.10468   4.50611   3.71533   3.12841   4.09220   4.51099
   0.01968   0.01690 125.69592   4.82085   4.03428   3.45204   4.40921   4.82582
   0.02019   0.01718 134.30804   5.13925   4.35669   3.77890   4.72977   5.14431
   0.02068   0.01746 142.69025   5.45499   4.67626   4.10271   5.04758   5.46013
   0.02116   0.01773 151.13611   5.77500   4.99993   4.43042   5.36958   5.78023
   0.02163   0.01799 159.33914   6.09147   5.31991   4.75426   5.68794   6.09677
   0.01212   0.01278  10.67074   0.93913   0.10070   0.00000   0.49870   0.94237
   0.01318   0.01340  16.42786   1.11296   0.28593   0.00000   0.67862   1.11637
   0.01417   0.01398  22.69605   1.30608   0.48898   0.00000   0.87704   1.30964
   0.01509   0.01451  29.36817   1.51464   0.70636   0.08975   1.09031   1.51833
   0.01595   0.01500  36.28737   1.73620   0.93588   0.34497   1.31612   1.74003
   0.01678   0.01548  43.44522   1.96929   1.17624   0.59128   1.55310   1.97324
   0.01756   0.01592  50.76023   2.21168   1.42531   0.84812   1.79906   2.21574
   0.01832   0.01635  58.17730   2.46165   1.68146   1.11108   2.05234   2.46582
   0.01904   0.01676  65.65899   2.71786   1.94343   1.37942   2.31163   2.72213
   0.01974   0.01715  73.16917   2.97916   2.21010   1.65201   2.57581   2.98352
   0.02041   0.01753  80.59789   3.24282   2.47882   1.92627   2.84217   3.24727
   0.02106   0.01789  88.02338   3.50988   2.75064   2.20330   3.11178   3.51442
   0.02169   0.01825  95.44975   3.78022   3.02548   2.48303   3.38453   3.78485
   0.02230   0.01859 102.75584   4.05088   3.30041   2.76258   3.65747   4.05559
   0.02289   0.01891 109.98847   4.32249   3.57607   3.04263   3.93125   4.32727
   0.02346   0.01923 117.21607   4.59656   3.85400   3.32472   4.20739   4.60142
   0.02402   0.01954 124.22512   4.86758   4.12871   3.60340   4.48039   4.87251
   0.02457   0.01985 131.26889   5.14166   4.40632   3.88478   4.75636   5.14666
   0.02510   0.02014 138.08716   5.41201   4.68005   4.16213   5.02852   5.41708
   0.01376   0.01391  10.23021   0.90166   0.09575   0.00000   0.47816   0.90501
   0.01495   0.01459  15.58616   1.06429   0.26947   0.00000   0.64668   1.06779
   0.01605   0.01523  21.36449   1.24372   0.45857   0.00000   0.83125   1.24735
   0.01707   0.01581  27.46876   1.43639   0.65981   0.08300   1.02848   1.44015
   0.01803   0.01636  33.75774   1.64004   0.87121   0.31844   1.23625   1.64391
   0.01895   0.01688  40.22672   1.85334   1.09157   0.54451   1.45331   1.85732
   0.01982   0.01737  46.80410   2.07425   1.31899   0.77930   1.67769   2.07834
   0.02066   0.01784  53.44252   2.30125   1.55200   1.01878   1.90789   2.30543
   0.02146   0.01829  60.11060   2.53314   1.78949   1.26232   2.14276   2.53741
   0.02223   0.01872  66.77824   2.76891   2.03049   1.50895   2.38132   2.77327
   0.02298   0.01913  73.34869   3.00612   2.27262   1.75633   2.62114   3.01056
   0.02370   0.01953  79.89471   3.24576   2.51689   2.00554   2.86325   3.25028
   0.02439   0.01992  86.42159   3.48774   2.76324   2.25654   3.10756   3.49233
   0.02506   0.02029  92.82278   3.72942   3.00907   2.50676   3.35144   3.73408
   0.02572   0.02065  99.14192   3.97141   3.25500   2.75686   3.59553   3.97614
   0.02635   0.02100 105.44106   4.21509   3.50244   3.00824   3.84122   4.21990
   0.02697   0.02133 111.53206   4.45555   3.74648   3.25606   4.08358   4.46042
   0.02757   0.02166 117.64073   4.69830   3.99266   3.50582   4.32816   4.70323
   0.02816   0.02198 123.53794   4.93727   4.23492   3.75151   4.56888   4.94226
   0.02032   0.01811   8.96701   0.79321   0.08174   0.00000   0.41915   0.79709
   0.02199   0.01904  13.22234   0.92474   0.22350   0.00000   0.55609   0.92875
   0.02353   0.01989  17.68326   1.06672   0.37441   0.00000   0.70278   1.07086
   0.02495   0.02068  22.28451   1.21643   0.53204   0.06482   0.85668   1.22069
   0.02629   0.02142  26.92757   1.37216   0.69492   0.24717   1.01619   1.37653
   0.02756   0.02212  31.61810   1.53301   0.86229   0.41954   1.18048   1.53747
   0.02877   0.02277  36.31049   1.69751   1.03279   0.59630   1.34815   1.70207
   0.02992   0.02340  40.97721   1.86462   1.20545   0.77446   1.51818   1.86926
   0.03103   0.02400  45.60224   2.03354   1.37955   0.95370   1.68983   2.03827
   0.03208   0.02457  50.16994   2.20364   1.55447   1.13341   1.86248   2.20844
   0.03310   0.02512  54.61698   2.37319   1.72856   1.31197   2.03442   2.37807
   0.03408   0.02565  59.00085   2.54306   1.90270   1.49031   2.20654   2.54801
   0.03503   0.02616  63.32956   2.71326   2.07695   1.66850   2.37888   2.71829
   0.03594   0.02665  67.53239   2.88196   2.24947   1.84476   2.54959   2.88704
   0.03683   0.02712  71.64390   3.04968   2.42083   2.01966   2.71923   3.05483
   0.03769   0.02758  75.71024   3.21751   2.59212   2.19430   2.88888   3.22272
   0.03852   0.02803  79.60498   3.38197   2.75989   2.36527   3.05508   3.38724
   0.03933   0.02846  83.48587   3.54708   2.92817   2.53659   3.22187   3.55242
   0.04012   0.02888  87.19914   3.70859   3.09272   2.70405   3.38498   3.71398
   0.02981   0.02368   7.84250   0.69509   0.06949   0.00000   0.36644   0.69988
   0.03215   0.02494  11.18441   0.80035   0.18429   0.00000   0.47674   0.80531
   0.03429   0.02609  14.58595   0.91141   0.30366   0.00000   0.59221   0.91654
   0.03627   0.02715  18.00874   1.02634   0.42598   0.05015   0.71105   1.03162
   0.03813   0.02814  21.38867   1.14393   0.55023   0.19010   0.83216   1.14935
   0.03988   0.02907  24.73934   1.26364   0.67602   0.32025   0.95509   1.26919
   0.04154   0.02995  28.03472   1.38449   0.80247   0.45198   1.07890   1.39016
   0.04312   0.03078  31.26165   1.50580   0.92897   0.58315   1.20295   1.51160
   0.04462   0.03157  34.41466   1.62712   1.05511   0.71365   1.32682   1.63303
   0.04607   0.03233  37.48793   1.74806   1.18056   0.84314   1.45014   1.75407
   0.04745   0.03306  40.44139   1.86745   1.30419   0.97056   1.57178   1.87357
   0.04878   0.03375  43.32035   1.98604   1.42677   1.09670   1.69248   1.99225
   0.05006   0.03442  46.13375   2.10392   1.54842   1.22169   1.81235   2.11023
   0.05129   0.03507  48.83561   2.21982   1.66789   1.34432   1.93013   2.22621
   0.05248   0.03569  51.45310   2.33420   1.78568   1.46509   2.04631   2.34068
   0.05364   0.03629  54.02028   2.44790   1.90262   1.58487   2.16173   2.45447
   0.05475   0.03687  56.45315   2.55851   2.01632   1.70128   2.27397   2.56516
   0.05584   0.03743  58.86105   2.66894   2.12971   1.81724   2.38596   2.67567
   0.05689   0.03798  61.14193   2.77622   2.23982   1.92981   2.49474   2.78302
   0.03721   0.02779   7.23802   0.64160   0.06301   0.00000   0.33797   0.64711
   0.04006   0.02929  10.11671   0.73335   0.16395   0.00000   0.43461   0.73909
   0.04265   0.03066  12.99488   0.82882   0.26744   0.00000   0.53435   0.83478
   0.04505   0.03192  15.84764   0.92650   0.37225   0.04291   0.63582   0.93266
   0.04728   0.03309  18.62747   1.02544   0.47761   0.16206   0.73818   1.03177
   0.04939   0.03419  21.35142   1.12529   0.58333   0.27179   0.84115   1.13179
   0.05138   0.03523  24.00234   1.22529   0.68874   0.38197   0.94403   1.23195
   0.05327   0.03621  26.57333   1.32497   0.79342   0.49088   1.04637   1.33177
   0.05507   0.03715  29.06330   1.42398   0.89709   0.59850   1.14786   1.43093
   0.05679   0.03804  31.47043   1.52209   0.99955   0.70462   1.24829   1.52918
   0.05843   0.03889  33.76482   1.61837   1.09993   0.80843   1.34674   1.62559
   0.06001   0.03970  35.98555   1.71350   1.19891   0.91062   1.44392   1.72084
   0.06153   0.04049  38.14165   1.80760   1.29665   1.01139   1.53996   1.81506
   0.06299   0.04124  40.19783   1.89966   1.39217   1.10976   1.63386   1.90723
   0.06440   0.04196  42.17743   1.99010   1.48590   1.20620   1.72605   1.99779
   0.06577   0.04266  44.10880   2.07966   1.57858   1.30145   1.81727   2.08745
   0.06708   0.04334  45.92641   2.16637   1.66828   1.39359   1.90557   2.17426
   0.06836   0.04399  47.71789   2.25265   1.75742   1.48506   1.99337   2.26064
   0.06960   0.04463  49.40356   2.33610   1.84362   1.57348   2.07828   2.34419
   0.04353   0.03120   6.82886   0.60506   0.05866   0.00000   0.31862   0.61118
   0.04679   0.03291   9.40564   0.68793   0.15051   0.00000   0.40629   0.69433
   0.04976   0.03446  11.94843   0.77330   0.24371   0.00000   0.49584   0.77995
   0.05249   0.03588  14.44091   0.85992   0.33728   0.03828   0.58619   0.86681
   0.05503   0.03719  16.84590   0.94701   0.43065   0.14419   0.67663   0.95411
   0.05742   0.03843  19.18231   1.03434   0.52372   0.24103   0.76703   1.04164
   0.05968   0.03960  21.43833   1.12130   0.61596   0.33770   0.85681   1.12878
   0.06182   0.04070  23.61065   1.20751   0.70706   0.43275   0.94564   1.21518
   0.06385   0.04175  25.70063   1.29274   0.79684   0.52620   1.03331   1.30058
   0.06580   0.04274  27.70865   1.37680   0.88517   0.61793   1.11965   1.38481
   0.06765   0.04369  29.61074   1.45895   0.97131   0.70727   1.20394   1.46710
   0.06943   0.04460  31.44198   1.53979   1.05592   0.79487   1.28680   1.54809
   0.07114   0.04548  33.21123   1.61947   1.13916   0.88092   1.36839   1.62791
   0.07278   0.04631  34.88946   1.69714   1.22021   0.96463   1.44786   1.70572
   0.07436   0.04712  36.49754   1.77319   1.29947   1.04641   1.52563   1.78190
   0.07589   0.04790  38.06026   1.84827   1.37761   1.12693   1.60235   1.85710
   0.07737   0.04865  39.52288   1.92071   1.45298   1.20457   1.67635   1.92966
   0.07880   0.04937  40.96005   1.99261   1.52768   1.28143   1.74976   2.00169
   0.08018   0.05007  42.30522   2.06194   1.59968   1.35551   1.82052   2.07113
   0.04919   0.03426   6.51662   0.57703   0.05535   0.00000   0.30366   0.58357
   0.05280   0.03614   8.86763   0.65327   0.14039   0.00000   0.38461   0.66011
   0.05607   0.03785  11.16286   0.73118   0.22598   0.00000   0.46663   0.73830
   0.05908   0.03941  13.39227   0.80970   0.31132   0.03489   0.54880   0.81707
   0.06188   0.04085  15.52598   0.88817   0.39595   0.13116   0.63056   0.89578
   0.06451   0.04221  17.58413   0.96645   0.47986   0.21866   0.71185   0.97427
   0.06699   0.04348  19.55862   1.04403   0.56261   0.30560   0.79220   1.05205
   0.06934   0.04468  21.44861   1.12060   0.64398   0.39070   0.87135   1.12882
   0.07156   0.04582  23.25690   1.19601   0.72385   0.47404   0.94914   1.20441
   0.07369   0.04691  24.98553   1.27010   0.80212   0.55552   1.02547   1.27868
   0.07571   0.04794  26.61408   1.34224   0.87818   0.63460   1.09971   1.35099
   0.07765   0.04893  28.17510   1.41301   0.95264   0.71188   1.17246   1.42191
   0.07951   0.04988  29.67714   1.48255   1.02568   0.78758   1.24387   1.49161
   0.08130   0.05078  31.09542   1.55014   1.09657   0.86098   1.31323   1.55934
   0.08302   0.05166  32.44903   1.61613   1.16572   0.93250   1.38091   1.62548
   0.08469   0.05250  33.76011   1.68112   1.23371   1.00274   1.44751   1.69061
   0.08629   0.05330  34.98129   1.74364   1.29909   1.07027   1.51156   1.75325
   0.08784   0.05409  36.17809   1.80557   1.36376   1.13698   1.57497   1.81531
   0.08934   0.05484  37.29313   1.86512   1.42594   1.20110   1.63592   1.87498
   0.07173   0.04618   5.60344   0.49395   0.04584   0.00000   0.25985   0.50239
   0.07664   0.04871   7.33556   0.55173   0.11197   0.00000   0.32214   0.56061
   0.08106   0.05098   8.96837   0.60926   0.17677   0.00000   0.38360   0.61852
   0.08509   0.05305  10.50742   0.66598   0.23996   0.02581   0.44381   0.67560
   0.08882   0.05496  11.94121   0.72156   0.30137   0.09635   0.50255   0.73150
   0.09231   0.05673  13.29171   0.77606   0.36120   0.15927   0.55993   0.78630
   0.09557   0.05839  14.55930   0.82924   0.41928   0.22083   0.61576   0.83976
   0.09865   0.05995  15.74832   0.88098   0.47556   0.28023   0.66996   0.89178
   0.10156   0.06142  16.86475   0.93127   0.53008   0.33763   0.72253   0.94231
   0.10432   0.06281  17.91332   0.98007   0.58283   0.39307   0.77348   0.99136
   0.10694   0.06413  18.88318   1.02702   0.63348   0.44623   0.82243   1.03853
   0.10944   0.06538  19.79854   1.07258   0.68254   0.49764   0.86988   1.08431
   0.11183   0.06658  20.66684   1.11692   0.73019   0.54749   0.91601   1.12885
   0.11412   0.06772  21.47346   1.15957   0.77596   0.59535   0.96035   1.17169
   0.11631   0.06881  22.23237   1.20082   0.82019   0.64155   1.00322   1.21314
   0.11843   0.06987  22.95897   1.24112   0.86334   0.68656   1.04506   1.25362
   0.12045   0.07087  23.62389   1.27951   0.90442   0.72943   1.08490   1.29217
   0.12241   0.07184  24.26986   1.31728   0.94478   0.77148   1.12408   1.33012
   0.12429   0.07278  24.86124   1.35325   0.98323   0.81155   1.16139   1.36624
   0.10428   0.06340   4.75186   0.41525   0.03725   0.00000   0.21869   0.42635
   0.11078   0.06673   5.96984   0.45735   0.08724   0.00000   0.26511   0.46905
   0.11658   0.06969   7.07363   0.49809   0.13485   0.00000   0.30960   0.51032
   0.12184   0.07236   8.07892   0.53729   0.18016   0.01853   0.35214   0.55000
   0.12666   0.07480   8.98645   0.57486   0.22323   0.06863   0.39271   0.58801
   0.13113   0.07705   9.81772   0.61099   0.26439   0.11242   0.43159   0.62455
   0.13529   0.07913  10.57792   0.64563   0.30365   0.15453   0.46876   0.65956
   0.13919   0.08108  11.27366   0.67879   0.34109   0.19453   0.50425   0.69307
   0.14285   0.08290  11.91191   0.71053   0.37681   0.23263   0.53817   0.72514
   0.14631   0.08461  12.49830   0.74091   0.41090   0.26893   0.57058   0.75583
   0.14956   0.08622  13.02791   0.76970   0.44317   0.30326   0.60127   0.78490
   0.15265   0.08774  13.51797   0.79730   0.47406   0.33608   0.63067   0.81278
   0.15560   0.08918  13.97442   0.82386   0.50373   0.36756   0.65893   0.83960
   0.15840   0.09055  14.38903   0.84908   0.53188   0.39742   0.68576   0.86507
   0.16108   0.09185  14.77166   0.87321   0.55880   0.42596   0.71141   0.88943
   0.16365   0.09310  15.13250   0.89657   0.58483   0.45351   0.73623   0.91302
   0.16609   0.09428  15.45398   0.91853   0.60932   0.47946   0.75957   0.93519
   0.16845   0.09542  15.76290   0.93999   0.63321   0.50473   0.78236   0.95686
   0.17070   0.09651  16.03808   0.96018   0.65571   0.52856   0.80381   0.97723
   0.12954   0.07691   4.27776   0.37116   0.03263  -0.00001   0.19594   0.38449
   0.13709   0.08076   5.24103   0.40530   0.07439  -0.00001   0.23429   0.41935
   0.14378   0.08414   6.09151   0.43773   0.11346  -0.00001   0.27037   0.45241
   0.14981   0.08717   6.84858   0.46844   0.15006   0.01498   0.30433   0.48370
   0.15530   0.08991   7.51744   0.49747   0.18438   0.05528   0.33627   0.51323
   0.16037   0.09242   8.11832   0.52502   0.21677   0.09003   0.36648   0.54125
   0.16506   0.09474   8.65771   0.55111   0.24732   0.12311   0.39503   0.56778
   0.16944   0.09689   9.14259   0.57583   0.27615   0.15420   0.42201   0.59289
   0.17353   0.09889   9.58003   0.59924   0.30339   0.18355   0.44753   0.61668
   0.17738   0.10076   9.97528   0.62143   0.32915   0.21126   0.47169   0.63922
   0.18098   0.10250  10.32566   0.64225   0.35332   0.23725   0.49434   0.66036
   0.18439   0.10414  10.64490   0.66204   0.37626   0.26189   0.51586   0.68045
   0.18763   0.10570  10.93800   0.68093   0.39813   0.28536   0.53640   0.69963
   0.19070   0.10716  11.19932   0.69872   0.41874   0.30747   0.55573   0.71769
   0.19362   0.10855  11.43650   0.71560   0.43829   0.32846   0.57409   0.73483
   0.19641   0.10987  11.65740   0.73183   0.45708   0.34859   0.59173   0.75131
   0.19906   0.11112  11.84952   0.74695   0.47462   0.36742   0.60817   0.76665
   0.20161   0.11232  12.03260   0.76164   0.49165   0.38566   0.62415   0.78157
   0.20403   0.11345  12.19133   0.77533   0.50756   0.40273   0.63906   0.79547
   0.15095   0.08851   3.94980   0.34073   0.02953  -0.00001   0.18037   0.35604
   0.15926   0.09270   4.75153   0.36974   0.06595  -0.00001   0.21349   0.38586
   0.16658   0.09636   5.44508   0.39690   0.09956  -0.00001   0.24422   0.41372
   0.17316   0.09962   6.05127   0.42231   0.13069   0.01277   0.27280   0.43977
   0.17910   0.10255   6.57747   0.44605   0.15957   0.04694   0.29938   0.46406
   0.18457   0.10522   7.04269   0.46835   0.18657   0.07613   0.32429   0.48688
   0.18962   0.10766   7.45385   0.48928   0.21182   0.10368   0.34761   0.50828
   0.19430   0.10992   7.81789   0.50893   0.23546   0.12938   0.36946   0.52835
   0.19866   0.11201   8.14151   0.52739   0.25763   0.15347   0.38997   0.54721
   0.20275   0.11395   8.42966   0.54475   0.27845   0.17607   0.40925   0.56494
   0.20656   0.11575   8.68070   0.56090   0.29784   0.19712   0.42718   0.58143
   0.21015   0.11745   8.90620   0.57614   0.31613   0.21696   0.44411   0.59699
   0.21356   0.11904   9.11049   0.59060   0.33348   0.23576   0.46016   0.61175
   0.21677   0.12053   9.28926   0.60411   0.34971   0.25337   0.47517   0.62554
   0.21982   0.12194   9.44888   0.61685   0.36504   0.26999   0.48933   0.63854
   0.22273   0.12328   9.59576   0.62903   0.37969   0.28587   0.50288   0.65098
   0.22547   0.12453   9.72006   0.64028   0.39328   0.30062   0.51542   0.66246
   0.22811   0.12574   9.83757   0.65117   0.40643   0.31487   0.52755   0.67358
   0.23061   0.12687   9.93624   0.66123   0.41863   0.32813   0.53879   0.68384
   0.16985   0.09883   3.69993   0.31767   0.02724   0.00000   0.16869   0.33485
   0.17874   0.10326   4.38708   0.34298   0.05979   0.00000   0.19803   0.36103
   0.18655   0.10711   4.97131   0.36639   0.08950   0.00000   0.22495   0.38520
   0.19351   0.11051   5.47405   0.38807   0.11676   0.01121   0.24974   0.40755
   0.19979   0.11355   5.90348   0.40813   0.14184   0.04108   0.27258   0.42820
   0.20553   0.11630   6.27797   0.42681   0.16510   0.06639   0.29381   0.44742
   0.21082   0.11881   6.60431   0.44421   0.18671   0.09013   0.31354   0.46530
   0.21570   0.12112   6.88921   0.46040   0.20679   0.11214   0.33189   0.48194
   0.22023   0.12324   7.13888   0.47551   0.22551   0.13264   0.34900   0.49746
   0.22447   0.12521   7.35822   0.48962   0.24300   0.15177   0.36499   0.51196
   0.22840   0.12702   7.54588   0.50265   0.25919   0.16950   0.37976   0.52533
   0.23211   0.12872   7.71218   0.51488   0.27438   0.18613   0.39363   0.53787
   0.23560   0.13031   7.86082   0.52640   0.28872   0.20181   0.40671   0.54970
   0.23889   0.13179   7.98812   0.53710   0.30207   0.21643   0.41887   0.56068
   0.24199   0.13318   8.09987   0.54712   0.31461   0.23016   0.43027   0.57096
   0.24495   0.13451   8.20142   0.55666   0.32655   0.24324   0.44114   0.58075
   0.24772   0.13573   8.28453   0.56539   0.33756   0.25532   0.45113   0.58971
   0.25040   0.13691   8.36239   0.57382   0.34818   0.26697   0.46077   0.59836
   0.25291   0.13801   8.42506   0.58155   0.35799   0.27775   0.46964   0.60629
   0.24407   0.13960   2.94545   0.24935   0.02073   0.00000   0.13489   0.27472
   0.25444   0.14435   3.33365   0.26462   0.04271   0.00000   0.15394   0.29097
   0.26335   0.14835   3.64192   0.27815   0.06205   0.00000   0.17073   0.30531
   0.27115   0.15179   3.89051   0.29018   0.07923   0.00714   0.18564   0.31803
   0.27804   0.15477   4.08902   0.30088   0.09457   0.02590   0.19893   0.32932
   0.28424   0.15741   4.25115   0.31052   0.10843   0.04139   0.21091   0.33947
   0.28985   0.15975   4.38297   0.31918   0.12097   0.05559   0.22173   0.34860
   0.29494   0.16184   4.48996   0.32700   0.13236   0.06847   0.23153   0.35681
   0.29959   0.16373   4.57679   0.33407   0.14274   0.08022   0.24042   0.36423
   0.30387   0.16543   4.64674   0.34048   0.15225   0.09100   0.24854   0.37096
   0.30777   0.16695   4.69986   0.34618   0.16084   0.10077   0.25583   0.37693
   0.31139   0.16835   4.74210   0.35138   0.16875   0.10979   0.26252   0.38238
   0.31477   0.16962   4.77578   0.35616   0.17610   0.11817   0.26871   0.38739
   0.31789   0.17078   4.79922   0.36043   0.18279   0.12583   0.27430   0.39187
   0.32080   0.17184   4.81555   0.36431   0.18896   0.13292   0.27943   0.39593
   0.32353   0.17284   4.82773   0.36792   0.19476   0.13958   0.28424   0.39971
   0.32605   0.17372   4.83130   0.37107   0.19999   0.14563   0.28852   0.40300
   0.32846   0.17456   4.83342   0.37407   0.20498   0.15139   0.29260   0.40615
   0.33068   0.17532   4.82898   0.37667   0.20947   0.15662   0.29622   0.40886
   0.34755   0.19432   2.22233   0.18632   0.01516  -0.00002   0.10507   0.22413
   0.35772   0.19780   2.39237   0.19359   0.02868  -0.00001   0.11577   0.23197
   0.36611   0.20050   2.51071   0.19955   0.04006  -0.00001   0.12470   0.23835
   0.37314   0.20264   2.59336   0.20450   0.04977   0.00412   0.13223   0.24357
   0.37911   0.20432   2.64806   0.20857   0.05811   0.01479   0.13859   0.24785
   0.38427   0.20568   2.68364   0.21197   0.06540   0.02332   0.14407   0.25138
   0.38874   0.20677   2.70456   0.21480   0.07179   0.03092   0.14880   0.25429
   0.39265   0.20763   2.71420   0.21714   0.07740   0.03763   0.15288   0.25668
   0.39608   0.20831   2.71527   0.21908   0.08237   0.04361   0.15642   0.25864
   0.39911   0.20885   2.70973   0.22068   0.08678   0.04896   0.15950   0.26023
   0.40174   0.20924   2.69761   0.22193   0.09065   0.05369   0.16211   0.26143
   0.40407   0.20953   2.68204   0.22294   0.09412   0.05795   0.16440   0.26238
   0.40617   0.20974   2.66413   0.22376   0.09724   0.06184   0.16643   0.26313
   0.40801   0.20985   2.64299   0.22435   0.10001   0.06531   0.16814   0.26363
   0.40964   0.20989   2.62010   0.22476   0.10249   0.06845   0.16962   0.26395
   0.41112   0.20990   2.59683   0.22508   0.10477   0.07135   0.17095   0.26418
   0.41237   0.20982   2.57105   0.22520   0.10673   0.07391   0.17202   0.26418
   0.41354   0.20973   2.54600   0.22528   0.10858   0.07632   0.17300   0.26415
   0.41451   0.20957   2.51918   0.22520   0.11017   0.07844   0.17377   0.26394
   0.42354   0.22993   1.81715   0.15091   0.01228   0.00000   0.08871   0.19674
   0.43159   0.23122   1.89409   0.15439   0.02179   0.00000   0.09533   0.20007
   0.43783   0.23191   1.93633   0.15694   0.02953   0.00000   0.10056   0.20239
   0.44274   0.23218   1.95611   0.15880   0.03594   0.00280   0.10476   0.20397
   0.44660   0.23213   1.95924   0.16009   0.04131   0.00995   0.10812   0.20491
   0.44968   0.23185   1.95200   0.16098   0.04587   0.01553   0.11085   0.20545
   0.45213   0.23140   1.93736   0.16152   0.04976   0.02041   0.11307   0.20562
   0.45405   0.23084   1.91747   0.16180   0.05309   0.02464   0.11486   0.20550
   0.45557   0.23016   1.89406   0.16185   0.05597   0.02834   0.11632   0.20518
   0.45674   0.22940   1.86831   0.16173   0.05845   0.03157   0.11747   0.20466
   0.45756   0.22855   1.84010   0.16141   0.06057   0.03438   0.11835   0.20397
   0.45814   0.22768   1.81129   0.16099   0.06242   0.03688   0.11904   0.20317
   0.45853   0.22678   1.78245   0.16050   0.06405   0.03912   0.11958   0.20231
   0.45871   0.22585   1.75294   0.15990   0.06545   0.04108   0.11994   0.20135
   0.45873   0.22488   1.72355   0.15924   0.06666   0.04282   0.12018   0.20033
   0.45867   0.22392   1.69501   0.15855   0.06774   0.04440   0.12035   0.19929
   0.45841   0.22292   1.66596   0.15776   0.06864   0.04576   0.12036   0.19815
   0.45812   0.22195   1.63826   0.15699   0.06946   0.04703   0.12035   0.19705
   0.45766   0.22095   1.61043   0.15614   0.07013   0.04812   0.12022   0.19587
   0.48305   0.25326   1.53932   0.12545   0.01030   0.00000   0.07664   0.17560
   0.48794   0.25212   1.56474   0.12672   0.01737  -0.00001   0.08075   0.17595
   0.49121   0.25064   1.56694   0.12735   0.02299   0.00000   0.08380   0.17568
   0.49332   0.24896   1.55540   0.12754   0.02752   0.00203   0.08608   0.17501
   0.49450   0.24714   1.53424   0.12738   0.03121   0.00718   0.08775   0.17402
   0.49506   0.24524   1.50794   0.12698   0.03427   0.01112   0.08898   0.17281
   0.49511   0.24330   1.47842   0.12639   0.03682   0.01450   0.08987   0.17145
   0.49478   0.24134   1.44710   0.12567   0.03894   0.01739   0.09047   0.16998
   0.49413   0.23937   1.41501   0.12485   0.04073   0.01988   0.09086   0.16847
   0.49324   0.23743   1.38277   0.12395   0.04226   0.02203   0.09107   0.16687
   0.49209   0.23547   1.35022   0.12296   0.04350   0.02385   0.09110   0.16523
   0.49078   0.23355   1.31846   0.12195   0.04455   0.02545   0.09103   0.16359
   0.48938   0.23168   1.28776   0.12093   0.04545   0.02685   0.09088   0.16195
   0.48785   0.22981   1.25759   0.11986   0.04621   0.02806   0.09063   0.16030
   0.48623   0.22797   1.22838   0.11878   0.04683   0.02912   0.09032   0.15866
   0.48460   0.22620   1.20052   0.11772   0.04737   0.03007   0.08997   0.15707
   0.48281   0.22443   1.17309   0.11662   0.04778   0.03087   0.08955   0.15546
   0.48107   0.22273   1.14718   0.11557   0.04815   0.03161   0.08913   0.15391
   0.47922   0.22102   1.12175   0.11448   0.04841   0.03223   0.08864   0.15233
   0.53007   0.26759   1.32992   0.10512   0.00874   0.00000   0.06651   0.15657
   0.53120   0.26403   1.32335   0.10502   0.01417  -0.00001   0.06895   0.15490
   0.53101   0.26047   1.30204   0.10452   0.01837   0.00000   0.07058   0.15294
   0.52998   0.25696   1.27313   0.10377   0.02169   0.00153   0.07166   0.15084
   0.52823   0.25350   1.23941   0.10281   0.02430   0.00538   0.07229   0.14867
   0.52608   0.25012   1.20396   0.10173   0.02644   0.00827   0.07263   0.14642
   0.52361   0.24683   1.16799   0.10058   0.02817   0.01072   0.07274   0.14419
   0.52090   0.24365   1.13235   0.09939   0.02958   0.01278   0.07268   0.14197
   0.51803   0.24057   1.09758   0.09815   0.03074   0.01453   0.07248   0.13980
   0.51507   0.23759   1.06396   0.09690   0.03169   0.01600   0.07218   0.13766
   0.51196   0.23468   1.03120   0.09563   0.03243   0.01724   0.07177   0.13556
   0.50881   0.23188   0.99999   0.09438   0.03305   0.01831   0.07132   0.13350
   0.50566   0.22920   0.97040   0.09317   0.03356   0.01925   0.07083   0.13150
   0.50248   0.22657   0.94195   0.09194   0.03395   0.02004   0.07029   0.12955
   0.49929   0.22403   0.91486   0.09074   0.03426   0.02072   0.06972   0.12766
   0.49616   0.22160   0.88931   0.08958   0.03451   0.02132   0.06915   0.12585
   0.49297   0.21920   0.86460   0.08841   0.03468   0.02181   0.06853   0.12407
   0.48989   0.21691   0.84144   0.08729   0.03482   0.02225   0.06794   0.12237
   0.48674   0.21467   0.81908   0.08618   0.03489   0.02261   0.06731   0.12067
   0.57432   0.27588   1.12591   0.08423   0.00714  -0.00001   0.05544   0.13418
   0.57027   0.26955   1.09439   0.08316   0.01114  -0.00002   0.05650   0.13092
   0.56548   0.26363   1.05598   0.08190   0.01414  -0.00001   0.05702   0.12772
   0.56030   0.25811   1.01542   0.08055   0.01645   0.00110   0.05719   0.12459
   0.55483   0.25286   0.97417   0.07912   0.01822   0.00386   0.05707   0.12159
   0.54925   0.24791   0.93405   0.07768   0.01961   0.00590   0.05678   0.11871
   0.54364   0.24323   0.89556   0.07624   0.02071   0.00759   0.05636   0.11595
   0.53805   0.23879   0.85902   0.07482   0.02157   0.00898   0.05585   0.11331
   0.53250   0.23458   0.82455   0.07342   0.02224   0.01015   0.05529   0.11080
   0.52705   0.23058   0.79215   0.07207   0.02277   0.01112   0.05467   0.10840
   0.52162   0.22673   0.76141   0.07072   0.02317   0.01194   0.05402   0.10609
   0.51632   0.22308   0.73269   0.06943   0.02347   0.01262   0.05336   0.10388
   0.51117   0.21961   0.70591   0.06819   0.02371   0.01319   0.05269   0.10178
   0.50610   0.21626   0.68060   0.06697   0.02387   0.01366   0.05201   0.09977
   0.50114   0.21306   0.65687   0.06579   0.02397   0.01406   0.05133   0.09784
   0.49635   0.21002   0.63472   0.06468   0.02403   0.01442   0.05066   0.09600
   0.49157   0.20706   0.61366   0.06358   0.02405   0.01469   0.04999   0.09422
   0.48700   0.20425   0.59406   0.06254   0.02405   0.01493   0.04934   0.09253
   0.48246   0.20151   0.57539   0.06150   0.02400   0.01512   0.04869   0.09089
   0.60457   0.27602   0.96315   0.06702   0.00580  -0.00003   0.04567   0.11317
   0.59516   0.26729   0.91661   0.06548   0.00882  -0.00003   0.04593   0.10908
   0.58574   0.25940   0.86895   0.06391   0.01102  -0.00003   0.04582   0.10526
   0.57651   0.25217   0.82299   0.06233   0.01264   0.00080   0.04548   0.10177
   0.56742   0.24549   0.77913   0.06076   0.01387   0.00284   0.04498   0.09846
   0.55858   0.23930   0.73821   0.05923   0.01480   0.00432   0.04438   0.09539
   0.55002   0.23352   0.70026   0.05776   0.01549   0.00553   0.04373   0.09251
   0.54175   0.22812   0.66518   0.05634   0.01602   0.00651   0.04303   0.08981
   0.53377   0.22306   0.63283   0.05498   0.01642   0.00731   0.04232   0.08728
   0.52607   0.21831   0.60297   0.05367   0.01673   0.00797   0.04161   0.08489
   0.51860   0.21379   0.57522   0.05242   0.01692   0.00851   0.04087   0.08264
   0.51140   0.20954   0.54966   0.05122   0.01705   0.00895   0.04015   0.08053
   0.50450   0.20553   0.52612   0.05008   0.01714   0.00933   0.03946   0.07853
   0.49780   0.20170   0.50416   0.04899   0.01718   0.00961   0.03877   0.07661
   0.49132   0.19806   0.48379   0.04794   0.01718   0.00985   0.03810   0.07481
   0.48512   0.19461   0.46495   0.04694   0.01715   0.01005   0.03744   0.07312
   0.47904   0.19129   0.44726   0.04597   0.01710   0.01021   0.03680   0.07148
   0.47325   0.18815   0.43089   0.04505   0.01704   0.01035   0.03619   0.06994
   0.46757   0.18511   0.41544   0.04416   0.01695   0.01045   0.03559   0.06844
   0.62249   0.27001   0.82839   0.05276   0.00469  -0.00001   0.03713   0.09382
   0.60782   0.25937   0.77313   0.05113   0.00695  -0.00002   0.03691   0.08944
   0.59393   0.24992   0.72105   0.04950   0.00856  -0.00001   0.03644   0.08553
   0.58087   0.24141   0.67334   0.04794   0.00973   0.00060   0.03585   0.08198
   0.56841   0.23368   0.62963   0.04645   0.01057   0.00211   0.03517   0.07871
   0.55660   0.22658   0.59003   0.04501   0.01119   0.00319   0.03444   0.07572
   0.54540   0.22004   0.55415   0.04364   0.01164   0.00406   0.03371   0.07296
   0.53477   0.21397   0.52165   0.04235   0.01197   0.00475   0.03296   0.07041
   0.52468   0.20834   0.49219   0.04112   0.01219   0.00531   0.03224   0.06805
   0.51505   0.20309   0.46543   0.03996   0.01234   0.00577   0.03152   0.06588
   0.50583   0.19814   0.44092   0.03885   0.01242   0.00610   0.03081   0.06382
   0.49706   0.19350   0.41861   0.03780   0.01246   0.00639   0.03013   0.06189
   0.48872   0.18916   0.39826   0.03680   0.01248   0.00664   0.02948   0.06009
   0.48066   0.18506   0.37949   0.03588   0.01245   0.00681   0.02884   0.05839
   0.47296   0.18117   0.36224   0.03500   0.01240   0.00696   0.02823   0.05678
   0.46565   0.17749   0.34640   0.03416   0.01235   0.00709   0.02766   0.05527
   0.45854   0.17398   0.33164   0.03334   0.01226   0.00717   0.02708   0.05385
   0.45180   0.17067   0.31807   0.03257   0.01218   0.00723   0.02653   0.05252
   0.44522   0.16748   0.30542   0.03183   0.01207   0.00728   0.02600   0.05125
   0.62942   0.25945   0.71392   0.04105   0.00374  -0.00002   0.02974   0.07641
   0.60987   0.24730   0.65417   0.03947   0.00546  -0.00003   0.02928   0.07216
   0.59188   0.23671   0.60074   0.03796   0.00666  -0.00002   0.02867   0.06839
   0.57535   0.22729   0.55357   0.03654   0.00752   0.00046   0.02799   0.06505
   0.55993   0.21881   0.51162   0.03517   0.00809   0.00158   0.02725   0.06207
   0.54554   0.21110   0.47444   0.03389   0.00851   0.00237   0.02653   0.05932
   0.53207   0.20406   0.44140   0.03270   0.00880   0.00301   0.02581   0.05683
   0.51945   0.19757   0.41197   0.03157   0.00899   0.00351   0.02511   0.05456
   0.50759   0.19159   0.38567   0.03051   0.00912   0.00390   0.02443   0.05245
   0.49640   0.18606   0.36213   0.02954   0.00918   0.00421   0.02378   0.05052
   0.48579   0.18087   0.34076   0.02859   0.00919   0.00444   0.02315   0.04874
   0.47575   0.17606   0.32151   0.02772   0.00919   0.00464   0.02254   0.04706
   0.46625   0.17158   0.30411   0.02691   0.00917   0.00480   0.02196   0.04549
   0.45720   0.16734   0.28824   0.02613   0.00911   0.00491   0.02140   0.04406
   0.44859   0.16334   0.27378   0.02538   0.00904   0.00499   0.02087   0.04271
   0.44045   0.15957   0.26060   0.02469   0.00898   0.00507   0.02038   0.04143
   0.43255   0.15601   0.24841   0.02404   0.00889   0.00512   0.01989   0.04024
   0.42507   0.15267   0.23725   0.02343   0.00879   0.00516   0.01943   0.03912
   0.41785   0.14945   0.22692   0.02284   0.00870   0.00518   0.01899   0.03805
   0.62666   0.24555   0.61504   0.03151   0.00295  -0.00001   0.02347   0.06118
   0.60266   0.23238   0.55378   0.03010   0.00427  -0.00002   0.02292   0.05727
   0.58112   0.22095   0.50111   0.02876   0.00518  -0.00001   0.02228   0.05387
   0.56158   0.21098   0.45592   0.02751   0.00579   0.00035   0.02160   0.05089
   0.54366   0.20202   0.41667   0.02632   0.00621   0.00120   0.02092   0.04823
   0.52713   0.19397   0.38253   0.02526   0.00649   0.00180   0.02024   0.04583
   0.51180   0.18669   0.35271   0.02426   0.00666   0.00226   0.01959   0.04367
   0.49758   0.18002   0.32651   0.02331   0.00677   0.00262   0.01896   0.04173
   0.48433   0.17392   0.30337   0.02245   0.00683   0.00289   0.01836   0.03993
   0.47193   0.16828   0.28285   0.02164   0.00686   0.00310   0.01780   0.03828
   0.46023   0.16304   0.26452   0.02088   0.00683   0.00327   0.01725   0.03679
   0.44926   0.15820   0.24814   0.02017   0.00679   0.00340   0.01674   0.03539
   0.43895   0.15371   0.23344   0.01950   0.00675   0.00350   0.01626   0.03409
   0.42917   0.14946   0.22013   0.01889   0.00670   0.00358   0.01579   0.03288
   0.41990   0.14550   0.20809   0.01830   0.00663   0.00363   0.01534   0.03176
   0.41115   0.14181   0.19718   0.01776   0.00655   0.00367   0.01492   0.03073
   0.40277   0.13828   0.18719   0.01724   0.00646   0.00369   0.01453   0.02975
   0.39487   0.13497   0.17808   0.01675   0.00638   0.00370   0.01416   0.02884
   0.38728   0.13181   0.16969   0.01627   0.00630   0.00370   0.01380   0.02797
   0.61543   0.22929   0.52874   0.02383   0.00233   0.00003   0.01827   0.04815
   0.58758   0.21551   0.46827   0.02265   0.00333   0.00003   0.01769   0.04472
   0.56298   0.20372   0.41779   0.02154   0.00399   0.00003   0.01709   0.04174
   0.54102   0.19344   0.37551   0.02051   0.00443   0.00029   0.01646   0.03920
   0.52105   0.18433   0.33951   0.01956   0.00471   0.00092   0.01585   0.03693
   0.50284   0.17619   0.30872   0.01867   0.00489   0.00135   0.01527   0.03492
   0.48612   0.16886   0.28220   0.01786   0.00500   0.00168   0.01470   0.03311
   0.47071   0.16221   0.25919   0.01711   0.00505   0.00193   0.01416   0.03147
   0.45643   0.15613   0.23909   0.01641   0.00507   0.00212   0.01365   0.03000
   0.44318   0.15056   0.22148   0.01576   0.00506   0.00228   0.01317   0.02867
   0.43077   0.14540   0.20585   0.01516   0.00504   0.00239   0.01272   0.02743
   0.41919   0.14065   0.19202   0.01459   0.00500   0.00247   0.01230   0.02628
   0.40836   0.13625   0.17971   0.01406   0.00495   0.00254   0.01191   0.02523
   0.39811   0.13215   0.16867   0.01359   0.00488   0.00259   0.01153   0.02426
   0.38846   0.12830   0.15872   0.01314   0.00482   0.00261   0.01117   0.02336
   0.37940   0.12470   0.14973   0.01271   0.00476   0.00262   0.01084   0.02253
   0.37075   0.12132   0.14158   0.01231   0.00468   0.00263   0.01052   0.02175
   0.36262   0.11816   0.13419   0.01193   0.00460   0.00264   0.01022   0.02103
   0.35484   0.11513   0.12743   0.01156   0.00452   0.00264   0.00993   0.02036
   0.59672   0.21188   0.45333   0.01801   0.00166  -0.00014   0.01386   0.03724
   0.56579   0.19778   0.39497   0.01700   0.00246  -0.00014   0.01337   0.03433
   0.53877   0.18584   0.34760   0.01609   0.00296  -0.00011   0.01284   0.03185
   0.51494   0.17552   0.30875   0.01523   0.00330   0.00008   0.01231   0.02974
   0.49352   0.16644   0.27626   0.01444   0.00350   0.00060   0.01180   0.02788
   0.47411   0.15838   0.24886   0.01372   0.00362   0.00093   0.01131   0.02622
   0.45645   0.15116   0.22556   0.01306   0.00370   0.00117   0.01086   0.02473
   0.44025   0.14465   0.20559   0.01246   0.00373   0.00136   0.01042   0.02342
   0.42534   0.13873   0.18840   0.01191   0.00374   0.00151   0.01001   0.02223
   0.41160   0.13335   0.17340   0.01140   0.00372   0.00162   0.00963   0.02115
   0.39879   0.12838   0.16023   0.01092   0.00368   0.00171   0.00928   0.02016
   0.38686   0.12382   0.14865   0.01049   0.00364   0.00177   0.00894   0.01926
   0.37575   0.11961   0.13841   0.01009   0.00359   0.00180   0.00862   0.01844
   0.36535   0.11569   0.12928   0.00971   0.00353   0.00183   0.00832   0.01768
   0.35556   0.11204   0.12114   0.00937   0.00347   0.00185   0.00803   0.01697
   0.34637   0.10865   0.11384   0.00906   0.00341   0.00185   0.00777   0.01631
   0.33770   0.10544   0.10724   0.00873   0.00336   0.00185   0.00753   0.01571
   0.32956   0.10245   0.10128   0.00842   0.00330   0.00186   0.00731   0.01516
   0.32175   0.09962   0.09583   0.00815   0.00324   0.00185   0.00708   0.01463
   0.57205   0.19320   0.38646   0.01316   0.00131  -0.00003   0.01049   0.02835
   0.53865   0.17922   0.33150   0.01239   0.00190  -0.00003   0.01006   0.02595
   0.50984   0.16744   0.28794   0.01170   0.00228  -0.00002   0.00961   0.02391
   0.48467   0.15734   0.25283   0.01104   0.00253   0.00013   0.00917   0.02219
   0.46223   0.14851   0.22393   0.01044   0.00265   0.00049   0.00875   0.02069
   0.44205   0.14072   0.19990   0.00988   0.00273   0.00072   0.00835   0.01937
   0.42381   0.13379   0.17972   0.00938   0.00277   0.00090   0.00796   0.01822
   0.40720   0.12757   0.16261   0.00892   0.00277   0.00103   0.00762   0.01718
   0.39201   0.12193   0.14799   0.00850   0.00277   0.00113   0.00729   0.01623
   0.37808   0.11681   0.13536   0.00811   0.00274   0.00121   0.00699   0.01539
   0.36515   0.11211   0.12438   0.00775   0.00270   0.00126   0.00670   0.01463
   0.35319   0.10781   0.11480   0.00741   0.00266   0.00130   0.00644   0.01394
   0.34209   0.10386   0.10637   0.00710   0.00262   0.00132   0.00620   0.01330
   0.33168   0.10020   0.09891   0.00684   0.00257   0.00134   0.00596   0.01269
   0.32199   0.09680   0.09228   0.00658   0.00253   0.00135   0.00575   0.01215
   0.31295   0.09364   0.08638   0.00632   0.00248   0.00135   0.00556   0.01166
   0.30435   0.09069   0.08107   0.00610   0.00242   0.00134   0.00537   0.01119
   0.29631   0.08794   0.07629   0.00589   0.00237   0.00134   0.00519   0.01076
   0.28867   0.08533   0.07197   0.00569   0.00232   0.00133   0.00502   0.01037
   0.54225   0.17448   0.32776   0.00955   0.00097  -0.00003   0.00776   0.02118
   0.50717   0.16079   0.27690   0.00897   0.00144  -0.00002   0.00741   0.01927
   0.47724   0.14937   0.23738   0.00843   0.00170  -0.00003   0.00705   0.01768
   0.45131   0.13965   0.20610   0.00791   0.00188   0.00009   0.00671   0.01632
   0.42832   0.13124   0.18075   0.00746   0.00197   0.00036   0.00637   0.01514
   0.40784   0.12382   0.15995   0.00704   0.00202   0.00052   0.00606   0.01412
   0.38941   0.11726   0.14267   0.00667   0.00204   0.00066   0.00576   0.01321
   0.37275   0.11139   0.12815   0.00632   0.00204   0.00076   0.00549   0.01241
   0.35759   0.10613   0.11584   0.00601   0.00203   0.00082   0.00523   0.01168
   0.34370   0.10136   0.10532   0.00574   0.00200   0.00088   0.00501   0.01101
   0.33093   0.09700   0.09624   0.00545   0.00197   0.00091   0.00479   0.01044
   0.31915   0.09301   0.08837   0.00521   0.00193   0.00093   0.00459   0.00991
   0.30826   0.08936   0.08150   0.00498   0.00190   0.00095   0.00441   0.00943
   0.29810   0.08599   0.07547   0.00477   0.00186   0.00096   0.00423   0.00899
   0.28865   0.08287   0.07012   0.00458   0.00181   0.00096   0.00406   0.00859
   0.27986   0.07998   0.06536   0.00441   0.00177   0.00096   0.00390   0.00821
   0.27155   0.07727   0.06113   0.00424   0.00173   0.00096   0.00376   0.00787
   0.26381   0.07476   0.05733   0.00409   0.00170   0.00096   0.00363   0.00756
   0.25646   0.07240   0.05393   0.00394   0.00165   0.00094   0.00351   0.00726
   0.50850   0.15585   0.27609   0.00678   0.00073   0.00000   0.00567   0.01556
   0.47246   0.14271   0.22980   0.00635   0.00107   0.00000   0.00539   0.01409
   0.44199   0.13186   0.19452   0.00594   0.00128  -0.00001   0.00511   0.01284
   0.41577   0.12268   0.16703   0.00558   0.00140   0.00009   0.00485   0.01180
   0.39278   0.11476   0.14507   0.00522   0.00146   0.00029   0.00459   0.01090
   0.37237   0.10784   0.12724   0.00494   0.00150   0.00041   0.00435   0.01009
   0.35410   0.10174   0.11261   0.00468   0.00151   0.00050   0.00413   0.00940
   0.33765   0.09630   0.10044   0.00445   0.00150   0.00057   0.00391   0.00879
   0.32281   0.09144   0.09022   0.00419   0.00147   0.00061   0.00373   0.00827
   0.30928   0.08705   0.08152   0.00399   0.00145   0.00065   0.00356   0.00780
   0.29687   0.08307   0.07408   0.00377   0.00142   0.00067   0.00338   0.00737
   0.28545   0.07944   0.06769   0.00360   0.00139   0.00067   0.00322   0.00697
   0.27495   0.07612   0.06214   0.00345   0.00136   0.00068   0.00308   0.00660
   0.26521   0.07306   0.05729   0.00330   0.00133   0.00069   0.00296   0.00627
   0.25616   0.07024   0.05303   0.00316   0.00129   0.00069   0.00284   0.00598
   0.24776   0.06764   0.04926   0.00303   0.00126   0.00068   0.00272   0.00571
   0.23987   0.06521   0.04590   0.00290   0.00123   0.00068   0.00262   0.00546
   0.23253   0.06295   0.04291   0.00277   0.00120   0.00068   0.00252   0.00523
   0.22559   0.06084   0.04023   0.00268   0.00117   0.00067   0.00243   0.00501
   0.47178   0.13772   0.23081   0.00467   0.00058   0.00005   0.00410   0.01122
   0.43546   0.12536   0.18928   0.00439   0.00083   0.00004   0.00389   0.01008
   0.40504   0.11519   0.15824   0.00411   0.00096   0.00003   0.00367   0.00915
   0.37909   0.10665   0.13438   0.00383   0.00105   0.00010   0.00347   0.00837
   0.35638   0.09933   0.11561   0.00362   0.00109   0.00024   0.00327   0.00770
   0.33641   0.09296   0.10054   0.00340   0.00110   0.00033   0.00310   0.00713
   0.31865   0.08736   0.08827   0.00321   0.00110   0.00039   0.00292   0.00661
   0.30277   0.08240   0.07817   0.00303   0.00110   0.00043   0.00277   0.00616
   0.28845   0.07797   0.06976   0.00287   0.00108   0.00046   0.00262   0.00575
   0.27547   0.07402   0.06268   0.00271   0.00106   0.00048   0.00248   0.00541
   0.26359   0.07042   0.05667   0.00257   0.00104   0.00049   0.00237   0.00507
   0.25273   0.06716   0.05153   0.00244   0.00101   0.00050   0.00226   0.00479
   0.24277   0.06418   0.04709   0.00233   0.00098   0.00051   0.00216   0.00455
   0.23354   0.06146   0.04322   0.00223   0.00095   0.00051   0.00206   0.00431
   0.22502   0.05894   0.03984   0.00213   0.00092   0.00051   0.00197   0.00409
   0.21714   0.05662   0.03687   0.00203   0.00090   0.00050   0.00189   0.00390
   0.20972   0.05447   0.03424   0.00196   0.00088   0.00049   0.00182   0.00372
   0.20283   0.05249   0.03191   0.00189   0.00086   0.00049   0.00175   0.00355
   0.19637   0.05063   0.02983   0.00182   0.00083   0.00048   0.00168   0.00340
   0.43310   0.12059   0.19151   0.00325   0.00039   0.00001   0.00286   0.00794
   0.39713   0.10907   0.15479   0.00306   0.00059   0.00001   0.00273   0.00709
   0.36730   0.09969   0.12779   0.00284   0.00069   0.00002   0.00257   0.00641
   0.34203   0.09185   0.10735   0.00263   0.00076   0.00007   0.00242   0.00585
   0.32008   0.08514   0.09147   0.00247   0.00078   0.00016   0.00227   0.00536
   0.30083   0.07937   0.07887   0.00233   0.00079   0.00022   0.00214   0.00493
   0.28384   0.07430   0.06874   0.00220   0.00079   0.00027   0.00201   0.00456
   0.26869   0.06985   0.06046   0.00207   0.00078   0.00030   0.00190   0.00423
   0.25511   0.06588   0.05361   0.00195   0.00077   0.00032   0.00180   0.00394
   0.24284   0.06236   0.04790   0.00186   0.00075   0.00034   0.00172   0.00367
   0.23166   0.05915   0.04307   0.00175   0.00073   0.00034   0.00162   0.00347
   0.22149   0.05625   0.03897   0.00165   0.00070   0.00035   0.00154   0.00328
   0.21219   0.05361   0.03546   0.00158   0.00068   0.00035   0.00146   0.00309
   0.20359   0.05121   0.03242   0.00152   0.00066   0.00035   0.00140   0.00291
   0.19569   0.04900   0.02977   0.00145   0.00065   0.00035   0.00133   0.00276
   0.18840   0.04697   0.02746   0.00137   0.00063   0.00035   0.00127   0.00263
   0.18157   0.04508   0.02541   0.00131   0.00061   0.00034   0.00122   0.00251
   0.17524   0.04334   0.02360   0.00126   0.00059   0.00034   0.00117   0.00239
   0.16930   0.04172   0.02200   0.00120   0.00057   0.00033   0.00113   0.00228
   0.39330   0.10440   0.15740   0.00219   0.00028   0.00002   0.00197   0.00550
   0.35836   0.09387   0.12543   0.00207   0.00041   0.00002   0.00187   0.00490
   0.32952   0.08535   0.10231   0.00195   0.00049   0.00003   0.00176   0.00440
   0.30523   0.07827   0.08506   0.00185   0.00053   0.00005   0.00165   0.00398
   0.28436   0.07225   0.07180   0.00173   0.00054   0.00013   0.00155   0.00364
   0.26618   0.06706   0.06140   0.00160   0.00055   0.00016   0.00145   0.00335
   0.25015   0.06257   0.05310   0.00151   0.00054   0.00019   0.00136   0.00308
   0.23597   0.05861   0.04639   0.00140   0.00053   0.00021   0.00128   0.00286
   0.22325   0.05511   0.04089   0.00134   0.00052   0.00022   0.00121   0.00265
   0.21186   0.05199   0.03632   0.00125   0.00052   0.00022   0.00114   0.00247
   0.20150   0.04917   0.03250   0.00119   0.00049   0.00023   0.00108   0.00232
   0.19210   0.04664   0.02926   0.00113   0.00047   0.00023   0.00102   0.00218
   0.18355   0.04434   0.02649   0.00107   0.00045   0.00023   0.00097   0.00206
   0.17567   0.04224   0.02413   0.00102   0.00044   0.00023   0.00093   0.00195
   0.16842   0.04033   0.02208   0.00097   0.00043   0.00023   0.00088   0.00184
   0.16176   0.03857   0.02029   0.00093   0.00042   0.00022   0.00084   0.00174
   0.15553   0.03695   0.01873   0.00090   0.00041   0.00022   0.00080   0.00164
   0.14978   0.03546   0.01734   0.00087   0.00040   0.00021   0.00077   0.00156
   0.14443   0.03406   0.01612   0.00082   0.00038   0.00021   0.00074   0.00149
   0.35322   0.08936   0.12800   0.00140   0.00021   0.00005   0.00135   0.00373
   0.31975   0.07985   0.10052   0.00135   0.00032   0.00005   0.00129   0.00329
   0.29238   0.07218   0.08098   0.00124   0.00037   0.00004   0.00120   0.00297
   0.26943   0.06589   0.06659   0.00118   0.00039   0.00005   0.00112   0.00268
   0.24981   0.06055   0.05568   0.00112   0.00039   0.00010   0.00105   0.00242
   0.23282   0.05597   0.04721   0.00105   0.00039   0.00013   0.00099   0.00222
   0.21794   0.05201   0.04052   0.00098   0.00039   0.00015   0.00094   0.00204
   0.20481   0.04854   0.03515   0.00091   0.00038   0.00016   0.00087   0.00189
   0.19314   0.04549   0.03078   0.00085   0.00037   0.00017   0.00082   0.00175
   0.18267   0.04279   0.02718   0.00080   0.00036   0.00016   0.00077   0.00162
   0.17321   0.04035   0.02420   0.00076   0.00035   0.00017   0.00072   0.00152
   0.16462   0.03816   0.02169   0.00073   0.00034   0.00017   0.00069   0.00143
   0.15682   0.03619   0.01955   0.00071   0.00033   0.00017   0.00066   0.00135
   0.14973   0.03439   0.01773   0.00066   0.00032   0.00017   0.00062   0.00127
   0.14322   0.03275   0.01616   0.00061   0.00031   0.00017   0.00059   0.00120
   0.13725   0.03125   0.01479   0.00057   0.00030   0.00016   0.00056   0.00114
   0.13166   0.02986   0.01361   0.00055   0.00028   0.00016   0.00053   0.00108
   0.12652   0.02859   0.01257   0.00053   0.00027   0.00016   0.00051   0.00102
   0.12173   0.02741   0.01165   0.00051   0.00027   0.00016   0.00049   0.00097
   0.31365   0.07564   0.10297   0.00092   0.00016   0.00004   0.00090   0.00245
   0.28210   0.06714   0.07966   0.00084   0.00022   0.00002   0.00086   0.00218
   0.25643   0.06036   0.06336   0.00078   0.00026   0.00002   0.00081   0.00196
   0.23507   0.05480   0.05152   0.00074   0.00029   0.00005   0.00076   0.00175
   0.21694   0.05014   0.04265   0.00069   0.00029   0.00007   0.00071   0.00158
   0.20130   0.04616   0.03587   0.00064   0.00028   0.00010   0.00067   0.00144
   0.18769   0.04272   0.03054   0.00059   0.00028   0.00012   0.00063   0.00133
   0.17572   0.03971   0.02631   0.00055   0.00028   0.00012   0.00059   0.00122
   0.16513   0.03708   0.02290   0.00051   0.00027   0.00013   0.00056   0.00114
   0.15566   0.03477   0.02011   0.00049   0.00026   0.00014   0.00053   0.00105
   0.14714   0.03269   0.01780   0.00045   0.00026   0.00013   0.00050   0.00098
   0.13946   0.03083   0.01588   0.00042   0.00025   0.00014   0.00047   0.00091
   0.13251   0.02916   0.01426   0.00040   0.00024   0.00014   0.00045   0.00085
   0.12615   0.02763   0.01287   0.00038   0.00023   0.00013   0.00042   0.00081
   0.12034   0.02625   0.01169   0.00036   0.00022   0.00013   0.00040   0.00076
   0.11503   0.02500   0.01067   0.00034   0.00021   0.00012   0.00038   0.00072
   0.11010   0.02384   0.00979   0.00033   0.00020   0.00013   0.00036   0.00068
   0.10558   0.02277   0.00901   0.00032   0.00020   0.00012   0.00035   0.00064
   0.10135   0.02179   0.00833   0.00030   0.00019   0.00012   0.00033   0.00061
   0.27538   0.06334   0.08197   0.00063   0.00007  -0.00002   0.00055   0.00160
   0.24604   0.05589   0.06256   0.00059   0.00013  -0.00001   0.00053   0.00142
   0.22235   0.04999   0.04915   0.00057   0.00015  -0.00001   0.00050   0.00125
   0.20286   0.04516   0.03957   0.00050   0.00017  -0.00001   0.00047   0.00113
   0.18634   0.04113   0.03246   0.00048   0.00018   0.00003   0.00044   0.00103
   0.17217   0.03771   0.02707   0.00044   0.00018   0.00004   0.00040   0.00095
   0.15989   0.03478   0.02289   0.00042   0.00017   0.00005   0.00038   0.00086
   0.14915   0.03224   0.01959   0.00039   0.00016   0.00006   0.00036   0.00079
   0.13966   0.03001   0.01694   0.00038   0.00016   0.00006   0.00034   0.00072
   0.13125   0.02803   0.01480   0.00035   0.00015   0.00007   0.00031   0.00067
   0.12367   0.02629   0.01304   0.00034   0.00015   0.00007   0.00029   0.00062
   0.11688   0.02473   0.01158   0.00032   0.00014   0.00007   0.00028   0.00058
   0.11076   0.02333   0.01035   0.00030   0.00013   0.00007   0.00026   0.00055
   0.10520   0.02206   0.00932   0.00028   0.00013   0.00007   0.00025   0.00051
   0.10011   0.02090   0.00843   0.00026   0.00013   0.00007   0.00023   0.00048
   0.09546   0.01985   0.00767   0.00025   0.00012   0.00006   0.00022   0.00046
   0.09117   0.01889   0.00701   0.00024   0.00011   0.00006   0.00020   0.00043
   0.08723   0.01802   0.00643   0.00023   0.00011   0.00005   0.00019   0.00040
   0.08358   0.01721   0.00593   0.00022   0.00010   0.00006   0.00019   0.00038
   0.23844   0.05217   0.06416   0.00033   0.00007   0.00002   0.00037   0.00101
   0.21160   0.04576   0.04827   0.00034   0.00011   0.00002   0.00035   0.00089
   0.19017   0.04068   0.03747   0.00032   0.00012   0.00003   0.00033   0.00079
   0.17257   0.03658   0.02983   0.00029   0.00013   0.00002   0.00030   0.00070
   0.15774   0.03317   0.02425   0.00028   0.00012   0.00004   0.00029   0.00064
   0.14509   0.03029   0.02005   0.00027   0.00012   0.00005   0.00027   0.00058
   0.13420   0.02782   0.01682   0.00026   0.00012   0.00005   0.00025   0.00052
   0.12471   0.02569   0.01429   0.00024   0.00012   0.00005   0.00023   0.00049
   0.11638   0.02384   0.01229   0.00022   0.00011   0.00005   0.00022   0.00045
   0.10898   0.02221   0.01068   0.00022   0.00011   0.00005   0.00020   0.00041
   0.10239   0.02076   0.00936   0.00020   0.00011   0.00006   0.00019   0.00038
   0.09649   0.01947   0.00827   0.00018   0.00010   0.00006   0.00018   0.00035
   0.09117   0.01832   0.00736   0.00018   0.00010   0.00005   0.00017   0.00032
   0.08635   0.01728   0.00660   0.00017   0.00009   0.00005   0.00016   0.00030
   0.08197   0.01633   0.00595   0.00016   0.00009   0.00005   0.00015   0.00028
   0.07798   0.01547   0.00539   0.00014   0.00008   0.00004   0.00014   0.00028
   0.07429   0.01469   0.00491   0.00014   0.00008   0.00004   0.00013   0.00026
   0.07092   0.01398   0.00450   0.00013   0.00007   0.00004   0.00013   0.00025
   0.06781   0.01332   0.00414   0.00013   0.00007   0.00004   0.00012   0.00023
   0.20374   0.04241   0.04951   0.00018   0.00006   0.00003   0.00025   0.00060
   0.17960   0.03694   0.03669   0.00018   0.00008   0.00002   0.00023   0.00053
   0.16043   0.03267   0.02811   0.00017   0.00009   0.00003   0.00022   0.00047
   0.14480   0.02921   0.02214   0.00015   0.00010   0.00003   0.00020   0.00043
   0.13169   0.02637   0.01782   0.00017   0.00010   0.00004   0.00019   0.00038
   0.12059   0.02397   0.01461   0.00015   0.00009   0.00004   0.00017   0.00035
   0.11108   0.02193   0.01216   0.00014   0.00009   0.00005   0.00017   0.00032
   0.10284   0.02017   0.01026   0.00013   0.00008   0.00005   0.00016   0.00029
   0.09561   0.01865   0.00877   0.00012   0.00008   0.00005   0.00015   0.00026
   0.08924   0.01731   0.00757   0.00012   0.00008   0.00005   0.00013   0.00025
   0.08356   0.01614   0.00660   0.00011   0.00007   0.00004   0.00012   0.00023
   0.07851   0.01509   0.00581   0.00010   0.00007   0.00004   0.00011   0.00021
   0.07398   0.01415   0.00515   0.00009   0.00007   0.00004   0.00010   0.00020
   0.06987   0.01331   0.00459   0.00009   0.00006   0.00004   0.00010   0.00018
   0.06613   0.01256   0.00413   0.00009   0.00006   0.00004   0.00010   0.00016
   0.06274   0.01187   0.00373   0.00009   0.00005   0.00003   0.00009   0.00015
   0.05964   0.01124   0.00339   0.00008   0.00005   0.00003   0.00008   0.00015
   0.05681   0.01067   0.00309   0.00008   0.00005   0.00003   0.00008   0.00015
   0.05419   0.01015   0.00284   0.00007   0.00005   0.00003   0.00008   0.00014
   0.17177   0.03403   0.03769   0.00012   0.00002   0.00000   0.00013   0.00036
   0.15036   0.02946   0.02751   0.00014   0.00004   0.00001   0.00013   0.00031
   0.13349   0.02589   0.02081   0.00012   0.00005   0.00000   0.00012   0.00029
   0.11980   0.02304   0.01622   0.00012   0.00005   0.00000   0.00011   0.00025
   0.10849   0.02069   0.01293   0.00009   0.00005   0.00002   0.00010   0.00024
   0.09891   0.01873   0.01050   0.00010   0.00005   0.00002   0.00010   0.00020
   0.09070   0.01707   0.00867   0.00010   0.00005   0.00002   0.00009   0.00018
   0.08363   0.01565   0.00727   0.00009   0.00004   0.00002   0.00009   0.00017
   0.07748   0.01441   0.00617   0.00008   0.00004   0.00002   0.00008   0.00016
   0.07206   0.01334   0.00530   0.00008   0.00004   0.00002   0.00007   0.00015
   0.06725   0.01239   0.00460   0.00009   0.00004   0.00002   0.00007   0.00013
   0.06300   0.01155   0.00403   0.00008   0.00004   0.00002   0.00006   0.00012
   0.05920   0.01081   0.00355   0.00007   0.00003   0.00002   0.00006   0.00011
   0.05575   0.01014   0.00316   0.00007   0.00003   0.00002   0.00005   0.00011
   0.05264   0.00954   0.00283   0.00007   0.00003   0.00002   0.00005   0.00010
   0.04982   0.00900   0.00255   0.00006   0.00003   0.00001   0.00004   0.00009
   0.04725   0.00850   0.00231   0.00005   0.00003   0.00001   0.00004   0.00009
   0.04491   0.00805   0.00210   0.00004   0.00003   0.00001   0.00004   0.00009
   0.04275   0.00764   0.00192   0.00004   0.00002   0.00001   0.00004   0.00008
   0.14223   0.02674   0.02804   0.00005   0.00004   0.00003   0.00010   0.00020
   0.12366   0.02299   0.02016   0.00004   0.00004   0.00002   0.00009   0.00019
   0.10910   0.02008   0.01505   0.00005   0.00004   0.00002   0.00008   0.00016
   0.09739   0.01778   0.01159   0.00005   0.00004   0.00002   0.00008   0.00014
   0.08771   0.01589   0.00914   0.00004   0.00004   0.00002   0.00007   0.00012
   0.07957   0.01432   0.00736   0.00004   0.00004   0.00002   0.00007   0.00011
   0.07266   0.01299   0.00603   0.00005   0.00004   0.00002   0.00006   0.00011
   0.06672   0.01186   0.00502   0.00005   0.00003   0.00002   0.00005   0.00009
   0.06158   0.01089   0.00423   0.00004   0.00003   0.00002   0.00005   0.00008
   0.05706   0.01004   0.00362   0.00004   0.00003   0.00002   0.00005   0.00008
   0.05310   0.00929   0.00312   0.00003   0.00003   0.00002   0.00004   0.00007
   0.04957   0.00864   0.00272   0.00003   0.00003   0.00002   0.00004   0.00007
   0.04642   0.00805   0.00239   0.00003   0.00002   0.00002   0.00004   0.00006
   0.04360   0.00753   0.00212   0.00003   0.00002   0.00002   0.00004   0.00006
   0.04106   0.00707   0.00189   0.00003   0.00002   0.00002   0.00003   0.00006
   0.03876   0.00665   0.00169   0.00003   0.00002   0.00001   0.00003   0.00005
   0.03665   0.00627   0.00153   0.00003   0.00002   0.00001   0.00003   0.00005
   0.03474   0.00592   0.00139   0.00003   0.00002   0.00001   0.00003   0.00004
   0.03299   0.00561   0.00127   0.00002   0.00002   0.00001   0.00003   0.00004
   0.09262   0.01566   0.01462   0.00002   0.00001   0.00000   0.00002   0.00006
   0.07932   0.01327   0.01017   0.00002   0.00001   0.00000   0.00002   0.00005
   0.06906   0.01144   0.00739   0.00002   0.00001   0.00000   0.00002   0.00005
   0.06092   0.01001   0.00555   0.00002   0.00001   0.00000   0.00002   0.00004
   0.05426   0.00885   0.00429   0.00002   0.00001   0.00000   0.00002   0.00003
   0.04875   0.00790   0.00339   0.00002   0.00001   0.00000   0.00002   0.00004
   0.04412   0.00710   0.00273   0.00001   0.00001   0.00001   0.00002   0.00003
   0.04017   0.00643   0.00224   0.00002   0.00001   0.00001   0.00002   0.00002
   0.03677   0.00586   0.00187   0.00002   0.00001   0.00001   0.00002   0.00002
   0.03383   0.00536   0.00157   0.00001   0.00001   0.00000   0.00001   0.00002
   0.03124   0.00493   0.00134   0.00001   0.00001   0.00000   0.00001   0.00002
   0.02897   0.00455   0.00116   0.00001   0.00001   0.00001   0.00001   0.00002
   0.02696   0.00422   0.00101   0.00001   0.00001   0.00001   0.00001   0.00002
   0.02517   0.00392   0.00089   0.00001   0.00001   0.00001   0.00001   0.00002
   0.02356   0.00366   0.00079   0.00001   0.00001   0.00000   0.00001   0.00002
   0.02212   0.00343   0.00070   0.00001   0.00001   0.00000   0.00001   0.00001
   0.02081   0.00321   0.00063   0.00001   0.00001   0.00000   0.00001   0.00001
   0.01963   0.00302   0.00057   0.00001   0.00001   0.00000   0.00001   0.00001
   0.01855   0.00284   0.00052   0.00001   0.00001   0.00000   0.00001   0.00001
   0.05513   0.00831   0.00682   0.00001   0.00000   0.00000   0.00000   0.00001
   0.04647   0.00693   0.00458   0.00000   0.00000   0.00000   0.00000   0.00001
   0.03988   0.00590   0.00324   0.00001   0.00000   0.00000   0.00000   0.00001
   0.03473   0.00510   0.00237   0.00001   0.00000   0.00000   0.00001   0.00001
   0.03058   0.00446   0.00179   0.00001   0.00000   0.00000   0.00000   0.00001
   0.02718   0.00394   0.00139   0.00001   0.00000   0.00000   0.00000   0.00001
   0.02435   0.00350   0.00110   0.00001   0.00000   0.00000   0.00000   0.00001
   0.02196   0.00314   0.00089   0.00001   0.00000   0.00000   0.00000   0.00001
   0.01994   0.00284   0.00073   0.00000   0.00000   0.00000   0.00000   0.00000
   0.01820   0.00258   0.00061   0.00000   0.00000   0.00000   0.00000   0.00000
   0.01667   0.00235   0.00051   0.00000   0.00000   0.00000   0.00000   0.00001
   0.01535   0.00216   0.00044   0.00000   0.00000   0.00000   0.00000   0.00001
   0.01419   0.00199   0.00038   0.00000   0.00000   0.00000   0.00000   0.00000
   0.01316   0.00184   0.00033   0.00000   0.00000   0.00000   0.00000   0.00000
   0.01224   0.00170   0.00029   0.00000   0.00000   0.00000   0.00000   0.00000
   0.01142   0.00158   0.00026   0.00000   0.00000   0.00000   0.00000   0.00000
   0.01069   0.00148   0.00023   0.00000   0.00000   0.00000   0.00000   0.00000
   0.01002   0.00138   0.00021   0.00000   0.00000   0.00000   0.00000   0.00000
   0.00942   0.00129   0.00019   0.00000   0.00000   0.00000   0.00000   0.00000
   0.02916   0.00387   0.00274   0.00000   0.00000   0.00000   0.00000   0.00001
   0.02412   0.00317   0.00177   0.00000   0.00000   0.00000   0.00000   0.00000
   0.02038   0.00266   0.00121   0.00000   0.00000   0.00000   0.00000   0.00000
   0.01750   0.00226   0.00086   0.00000   0.00000   0.00000   0.00000   0.00000
   0.01520   0.00196   0.00064   0.00000   0.00000   0.00000   0.00000   0.00000
   0.01335   0.00171   0.00048   0.00001   0.00000   0.00000   0.00000   0.00000
   0.01183   0.00150   0.00038   0.00000   0.00000   0.00000   0.00000   0.00000
   0.01056   0.00134   0.00030   0.00000   0.00000   0.00000   0.00000   0.00000
   0.00949   0.00119   0.00024   0.00000   0.00000   0.00000   0.00000   0.00000
   0.00858   0.00108   0.00020   0.00000   0.00000   0.00000   0.00000   0.00000
   0.00780   0.00097   0.00017   0.00000   0.00000   0.00000   0.00000   0.00000
   0.00712   0.00088   0.00014   0.00000   0.00000   0.00000   0.00000   0.00000
   0.00653   0.00081   0.00012   0.00000   0.00000   0.00000   0.00000   0.00000
   0.00601   0.00074   0.00010   0.00000   0.00000   0.00000   0.00000   0.00000
   0.00555   0.00068   0.00009   0.00000   0.00000   0.00000   0.00000   0.00000
   0.00515   0.00063   0.00008   0.00000   0.00000   0.00000   0.00000   0.00000
   0.00479   0.00058   0.00007   0.00000   0.00000   0.00000   0.00000   0.00000
   0.00446   0.00054   0.00006   0.00000   0.00000   0.00000   0.00000   0.00000
   0.00417   0.00051   0.00006   0.00000   0.00000   0.00000   0.00000   0.00000
   0.01296   0.00148   0.00088   0.00000   0.00000   0.00000   0.00000   0.00000
   0.01050   0.00119   0.00055   0.00000   0.00000   0.00000   0.00000   0.00000
   0.00871   0.00098   0.00036   0.00000   0.00000   0.00000   0.00000   0.00000
   0.00736   0.00082   0.00025   0.00000   0.00000   0.00000   0.00000   0.00000
   0.00630   0.00070   0.00018   0.00000   0.00000   0.00000   0.00000   0.00000
   0.00546   0.00060   0.00013   0.00000   0.00000   0.00000   0.00000   0.00000
   0.00477   0.00052   0.00010   0.00000   0.00000   0.00000   0.00000   0.00000
   0.00421   0.00046   0.00008   0.00000   0.00000   0.00000   0.00000   0.00000
   0.00374   0.00041   0.00006   0.00000   0.00000   0.00000   0.00000   0.00000
   0.00335   0.00036   0.00005   0.00000   0.00000   0.00000   0.00000   0.00000
   0.00301   0.00033   0.00004   0.00000   0.00000   0.00000   0.00000   0.00000
   0.00272   0.00029   0.00004   0.00000   0.00000   0.00000   0.00000   0.00000
   0.00248   0.00027   0.00003   0.00000   0.00000   0.00000   0.00000   0.00000
   0.00226   0.00024   0.00003   0.00000   0.00000   0.00000   0.00000   0.00000
   0.00207   0.00022   0.00002   0.00000   0.00000   0.00000   0.00000   0.00000
   0.00190   0.00020   0.00002   0.00000   0.00000   0.00000   0.00000   0.00000
   0.00176   0.00019   0.00002   0.00000   0.00000   0.00000   0.00000   0.00000
   0.00163   0.00017   0.00002   0.00000   0.00000   0.00000   0.00000   0.00000
   0.00151   0.00016   0.00001   0.00000   0.00000   0.00000   0.00000   0.00000
   0.00094   0.00007   0.00002   0.00000   0.00000   0.00000   0.00000   0.00000
   0.00072   0.00005   0.00001   0.00000   0.00000   0.00000   0.00000   0.00000
   0.00057   0.00004   0.00001   0.00000   0.00000   0.00000   0.00000   0.00000
   0.00046   0.00003   0.00001   0.00000   0.00000   0.00000   0.00000   0.00000
   0.00037   0.00003   0.00000   0.00000   0.00000   0.00000   0.00000   0.00000
   0.00031   0.00002   0.00000   0.00000   0.00000   0.00000   0.00000   0.00000
   0.00026   0.00002   0.00000   0.00000   0.00000   0.00000   0.00000   0.00000
   0.00022   0.00002   0.00000   0.00000   0.00000   0.00000   0.00000   0.00000
   0.00019   0.00001   0.00000   0.00000   0.00000   0.00000   0.00000   0.00000
   0.00017   0.00001   0.00000   0.00000   0.00000   0.00000   0.00000   0.00000
   0.00015   0.00001   0.00000   0.00000   0.00000   0.00000   0.00000   0.00000
   0.00013   0.00001   0.00000   0.00000   0.00000   0.00000   0.00000   0.00000
   0.00011   0.00001   0.00000   0.00000   0.00000   0.00000   0.00000   0.00000
   0.00010   0.00001   0.00000   0.00000   0.00000   0.00000   0.00000   0.00000
   0.00009   0.00001   0.00000   0.00000   0.00000   0.00000   0.00000   0.00000
   0.00008   0.00001   0.00000   0.00000   0.00000   0.00000   0.00000   0.00000
   0.00007   0.00001   0.00000   0.00000   0.00000   0.00000   0.00000   0.00000
   0.00007   0.00001   0.00000   0.00000   0.00000   0.00000   0.00000   0.00000
   0.00006   0.00001   0.00000   0.00000   0.00000   0.00000   0.00000   0.00000

