   0.00294   0.00618  13.39808   1.13613   0.15325   0.00000   0.62350   1.14037
   0.00338   0.00641  24.76481   1.48226   0.51080   0.00000   0.97623   1.48715
   0.00378   0.00662  38.63756   1.89669   0.93505   0.00000   1.39637   1.90215
   0.00415   0.00682  54.53614   2.37016   1.41716   0.10064   1.87489   2.37615
   0.00450   0.00701  72.40820   2.90107   1.95583   0.61877   2.41034   2.90753
   0.00484   0.00719  91.81515   3.48226   2.54407   1.21948   2.99567   3.48917
   0.00516   0.00737 112.60778   4.10911   3.17740   1.86958   3.62635   4.11645
   0.00547   0.00754 134.61856   4.77730   3.85157   2.55796   4.29807   4.78503
   0.00577   0.00770 157.67596   5.48271   4.56253   3.28222   5.00677   5.49081
   0.00606   0.00785 181.58061   6.22071   5.30571   4.03771   5.74784   6.22916
   0.00634   0.00801 206.08290   6.98534   6.07522   4.81871   6.51538   6.99414
   0.00661   0.00816 231.24123   7.77697   6.87144   5.62567   7.30974   7.78609
   0.00687   0.00830 257.01788   8.59436   7.69316   6.45749   8.12971   8.60379
   0.00713   0.00844 283.19421   9.43239   8.53529   7.30914   8.97019   9.44211
   0.00738   0.00858 309.53323  10.28503   9.39184   8.17470   9.82517  10.29503
   0.00762   0.00871 336.40234  11.16018  10.27072   9.06211  10.70255  11.17046
   0.00786   0.00884 363.25061  12.04481  11.15890   9.95842  11.58931  12.05536
   0.00809   0.00897 390.38428  12.94544  12.06294  10.87019  12.49199  12.95624
   0.00832   0.00909 417.62585  13.85767  12.97843  11.79306  13.40617  13.86872
   0.00473   0.00784  11.95323   1.02402   0.13320   0.00000   0.55809   1.02776
   0.00533   0.00817  21.24411   1.31177   0.43166   0.00000   0.85184   1.31595
   0.00589   0.00847  32.22407   1.64827   0.77736   0.00000   1.19353   1.65283
   0.00641   0.00875  44.49063   2.02521   1.16240   0.07996   1.57503   2.03013
   0.00689   0.00901  57.99106   2.44082   1.58526   0.48771   1.99475   2.44605
   0.00736   0.00927  72.38376   2.88908   2.04012   0.95365   2.44675   2.89461
   0.00780   0.00951  87.55804   3.36624   2.52333   1.45123   2.92735   3.37205
   0.00823   0.00974 103.39267   3.86889   3.03157   1.97172   3.43318   3.87496
   0.00864   0.00996 119.76660   4.39387   3.56173   2.51333   3.96111   4.40018
   0.00904   0.01018 136.54185   4.93771   4.11041   3.07261   4.50772   4.94426
   0.00942   0.01038 153.54713   5.49607   4.67332   3.64540   5.06868   5.50285
   0.00979   0.01058 170.83406   6.06933   5.25084   4.23218   5.64437   6.07632
   0.01015   0.01078 188.38329   6.65665   5.84220   4.83222   6.23401   6.66384
   0.01050   0.01097 206.04793   7.25439   6.44376   5.44198   6.83394   7.26178
   0.01084   0.01115 223.67165   7.85832   7.05133   6.05729   7.43995   7.86589
   0.01117   0.01133 241.51816   8.47427   7.67075   6.68405   8.05790   8.48203
   0.01149   0.01150 259.21350   9.09298   8.29276   7.31305   8.67851   9.10091
   0.01181   0.01167 276.97617   9.71928   8.92223   7.94916   9.30663   9.72738
   0.01211   0.01184 294.69116  10.35014   9.55611   8.58939   9.93922  10.35840
   0.00737   0.00996  10.66136   0.92230   0.11557   0.00000   0.49935   0.92574
   0.00822   0.01042  18.21794   1.16030   0.36365   0.00000   0.74286   1.16402
   0.00899   0.01084  26.86497   1.43207   0.64408   0.00000   1.01937   1.43604
   0.00971   0.01123  36.28026   1.73052   0.95014   0.06323   1.32199   1.73472
   0.01039   0.01160  46.42347   2.05406   1.28050   0.38270   1.64928   2.05846
   0.01103   0.01195  57.03725   2.39785   1.63049   0.74248   1.99647   2.40244
   0.01165   0.01228  68.04616   2.75899   1.99731   1.12158   2.36075   2.76376
   0.01224   0.01259  79.36783   3.13493   2.37849   1.51330   2.73957   3.13987
   0.01280   0.01290  90.92162   3.52335   2.77178   1.91641   3.13067   3.52844
   0.01335   0.01319 102.61610   3.92176   3.17473   2.32845   3.53159   3.92700
   0.01387   0.01347 114.33725   4.32705   3.58428   2.74649   3.93923   4.33244
   0.01438   0.01374 126.13145   4.73966   4.00089   3.17103   4.35405   4.74517
   0.01487   0.01400 137.99217   5.15909   4.42410   3.60170   4.77557   5.16473
   0.01534   0.01425 149.82338   5.58280   4.85140   4.03602   5.20126   5.58858
   0.01580   0.01450 161.52379   6.00787   5.27986   4.47113   5.62821   6.01376
   0.01625   0.01474 173.28362   6.43865   5.71388   4.91144   6.06078   6.44465
   0.01669   0.01497 184.85039   6.86859   6.14692   5.35046   6.49244   6.87470
   0.01712   0.01520 196.38115   7.30128   6.58257   5.79180   6.92676   7.30750
   0.01754   0.01542 207.80215   7.73467   7.01880   6.23347   7.36173   7.74099
   0.00946   0.01146   9.96917   0.86710   0.10626   0.00000   0.46777   0.87047
   0.01049   0.01202  16.64713   1.07949   0.32840   0.00000   0.68543   1.08308
   0.01143   0.01253  24.14569   1.31862   0.57591   0.00000   0.92909   1.32241
   0.01231   0.01300  32.18777   1.57818   0.84283   0.05498   1.19263   1.58214
   0.01313   0.01345  40.74284   1.85677   1.12802   0.33129   1.47479   1.86089
   0.01391   0.01386  49.59633   2.15021   1.42746   0.63981   1.77148   2.15448
   0.01465   0.01426  58.69073   2.45608   1.73882   0.96235   2.08032   2.46049
   0.01536   0.01464  67.96285   2.77226   2.06006   1.29322   2.39925   2.77679
   0.01604   0.01500  77.35088   3.09686   2.38936   1.63150   2.72640   3.10152
   0.01670   0.01535  86.78479   3.42787   2.72476   1.97520   3.05979   3.43264
   0.01733   0.01569  96.17627   3.76277   3.06378   2.32196   3.39693   3.76765
   0.01794   0.01601 105.56869   4.10202   3.40690   2.67233   3.73828   4.10701
   0.01853   0.01632 114.96102   4.44529   3.75382   3.02605   4.08353   4.45038
   0.01910   0.01662 124.27915   4.79055   4.10254   3.38118   4.43067   4.79574
   0.01965   0.01692 133.44566   5.13546   4.45073   3.73543   4.77736   5.14073
   0.02019   0.01720 142.61754   5.48368   4.80209   4.09253   5.12729   5.48905
   0.02071   0.01747 151.59502   5.82991   5.15130   4.44720   5.47513   5.83535
   0.02122   0.01774 160.50732   6.17715   5.50140   4.80249   5.82393   6.18268
   0.02171   0.01800 169.29832   6.52380   5.85078   5.15683   6.17207   6.52941
   0.01124   0.01267   9.50402   0.82967   0.10007   0.00000   0.44650   0.83306
   0.01243   0.01331  15.61248   1.02530   0.30523   0.00000   0.64724   1.02888
   0.01352   0.01389  22.38003   1.24334   0.53147   0.00000   0.86968   1.24709
   0.01452   0.01443  29.56006   1.47805   0.77337   0.04973   1.10825   1.48195
   0.01547   0.01494  37.12939   1.72819   1.02996   0.29868   1.36185   1.73222
   0.01636   0.01541  44.90087   1.99002   1.29766   0.57498   1.62683   1.99417
   0.01721   0.01587  52.82838   2.26142   1.57443   0.86222   1.90112   2.26570
   0.01802   0.01630  60.86065   2.54058   1.85855   1.15536   2.18294   2.54497
   0.01880   0.01671  68.94741   2.82588   2.14844   1.45366   2.47071   2.83037
   0.01954   0.01710  77.03146   3.11560   2.44246   1.75545   2.76274   3.12019
   0.02026   0.01748  85.03981   3.40759   2.73847   2.05872   3.05689   3.41227
   0.02095   0.01785  93.01374   3.70232   3.03698   2.36402   3.35365   3.70709
   0.02162   0.01820 100.95535   3.99957   3.33779   2.67120   3.65282   4.00442
   0.02227   0.01854 108.80322   4.29759   3.63920   2.97861   3.95266   4.30253
   0.02290   0.01887 116.49366   4.59441   3.93923   3.28431   4.25120   4.59942
   0.02351   0.01919 124.16376   4.89328   4.24116   3.59162   4.55172   4.89837
   0.02410   0.01950 131.64481   5.18962   4.54042   3.89599   4.84963   5.19478
   0.02468   0.01980 139.04913   5.48610   4.83969   4.20013   5.14761   5.49133
   0.02524   0.02010 146.33073   5.78137   5.13763   4.50270   5.44431   5.78667
   0.01284   0.01369   9.15710   0.80157   0.09548   0.00000   0.43061   0.80501
   0.01416   0.01441  14.85221   0.98494   0.28822   0.00000   0.61899   0.98855
   0.01537   0.01505  21.09624   1.18771   0.49907   0.00000   0.82607   1.19148
   0.01649   0.01565  27.66522   1.40458   0.72301   0.04597   1.04671   1.40848
   0.01754   0.01621  34.54162   1.63442   0.95921   0.27540   1.27995   1.63845
   0.01853   0.01674  41.55801   1.87384   1.20440   0.52884   1.52245   1.87798
   0.01948   0.01724  48.67631   2.12095   1.45679   0.79116   1.77238   2.12520
   0.02038   0.01771  55.85345   2.37413   1.71485   1.05779   2.02816   2.37848
   0.02124   0.01817  63.04741   2.63197   1.97721   1.32814   2.28842   2.63641
   0.02206   0.01860  70.20945   2.89295   2.24241   1.60074   2.55166   2.89748
   0.02286   0.01902  77.27711   3.15518   2.50860   1.87382   2.81600   3.15980
   0.02362   0.01942  84.29008   3.41914   2.77627   2.14794   3.08194   3.42383
   0.02436   0.01981  91.25224   3.68466   3.04531   2.42302   3.34933   3.68943
   0.02508   0.02018  98.11102   3.95022   3.31420   2.69762   3.61668   3.95507
   0.02577   0.02055 104.81170   4.21409   3.58122   2.97004   3.88223   4.21900
   0.02645   0.02090 111.47772   4.47922   3.84937   3.24328   4.14897   4.48421
   0.02710   0.02124 117.96120   4.74154   4.11456   3.51333   4.41283   4.74659
   0.02774   0.02157 124.36292   5.00349   4.37925   3.78264   4.67624   5.00860
   0.02835   0.02189 130.64351   5.26387   4.64226   4.05005   4.93802   5.26904
   0.01919   0.01748   8.14996   0.71892   0.08233   0.00000   0.38434   0.72280
   0.02105   0.01846  12.70285   0.86796   0.24035   0.00000   0.53814   0.87200
   0.02275   0.01936  17.53416   1.02876   0.40886   0.00000   0.70301   1.03293
   0.02431   0.02018  22.48380   1.19725   0.58413   0.03581   0.87509   1.20155
   0.02577   0.02094  27.55086   1.37277   0.76573   0.21293   1.05383   1.37718
   0.02715   0.02166  32.62030   1.55283   0.95131   0.40571   1.23681   1.55735
   0.02845   0.02234  37.67496   1.73617   1.13971   0.60252   1.42282   1.74078
   0.02969   0.02298  42.69280   1.92173   1.32995   0.80008   1.61086   1.92645
   0.03088   0.02360  47.65164   2.10863   1.52118   0.99810   1.80004   2.11343
   0.03201   0.02418  52.52433   2.29587   1.71247   1.19568   1.98942   2.30076
   0.03310   0.02475  57.27354   2.48222   1.90261   1.39168   2.17777   2.48718
   0.03414   0.02529  61.93387   2.66815   2.09211   1.58667   2.36559   2.67320
   0.03515   0.02580  66.51328   2.85368   2.28100   1.78070   2.55289   2.85879
   0.03612   0.02630  70.97984   3.03780   2.46831   1.97286   2.73869   3.04299
   0.03706   0.02679  75.30048   3.21937   2.65291   2.16204   2.92186   3.22463
   0.03797   0.02725  79.56411   3.40062   2.83704   2.35051   3.10463   3.40594
   0.03885   0.02771  83.67294   3.57871   3.01789   2.53548   3.28418   3.58410
   0.03971   0.02815  87.69898   3.75548   3.19728   2.71879   3.46233   3.76093
   0.04054   0.02857  91.61830   3.93014   3.37446   2.89972   3.63832   3.93565
   0.02839   0.02246   7.23420   0.64214   0.07066   0.00000   0.34203   0.64692
   0.03102   0.02381  10.82860   0.76181   0.19900   0.00000   0.46631   0.76679
   0.03339   0.02503  14.51802   0.88768   0.33234   0.00000   0.59614   0.89285
   0.03557   0.02615  18.19586   1.01687   0.46809   0.02761   0.72881   1.02220
   0.03759   0.02719  21.87499   1.14908   0.60620   0.16298   0.86414   1.15457
   0.03949   0.02817  25.48096   1.28261   0.74508   0.30810   1.00051   1.28824
   0.04129   0.02909  29.01168   1.41669   0.88408   0.45420   1.13720   1.42246
   0.04299   0.02995  32.45984   1.55073   1.02264   0.59896   1.27363   1.55662
   0.04461   0.03078  35.81690   1.68418   1.16030   0.74238   1.40931   1.69019
   0.04615   0.03157  39.07015   1.81649   1.29653   0.88393   1.54370   1.82261
   0.04763   0.03232  42.19911   1.94685   1.43058   1.02295   1.67601   1.95309
   0.04905   0.03304  45.23337   2.07576   1.56295   1.15996   1.80676   2.08210
   0.05041   0.03373  48.18255   2.20331   1.69377   1.29513   1.93604   2.20975
   0.05172   0.03439  51.02823   2.32888   1.82243   1.42789   2.06324   2.33541
   0.05298   0.03503  53.75137   2.45174   1.94823   1.55756   2.18766   2.45836
   0.05421   0.03565  56.41547   2.57354   2.07284   1.68583   2.31095   2.58026
   0.05539   0.03625  58.95689   2.69237   2.19434   1.81081   2.43119   2.69917
   0.05653   0.03682  61.42655   2.80956   2.31409   1.93388   2.54973   2.81645
   0.05764   0.03738  63.81034   2.92464   2.43161   2.05456   2.66611   2.93160
   0.03559   0.02614   6.73201   0.59928   0.06439   0.00000   0.31870   0.60481
   0.03879   0.02777   9.83611   0.70370   0.17737   0.00000   0.42769   0.70949
   0.04167   0.02924  12.95918   0.81187   0.29291   0.00000   0.53979   0.81790
   0.04430   0.03058  16.02117   0.92151   0.40903   0.02356   0.65289   0.92775
   0.04675   0.03182  19.04138   1.03254   0.52587   0.13848   0.76702   1.03898
   0.04904   0.03298  21.96433   1.14361   0.64224   0.26058   0.88092   1.15024
   0.05119   0.03407  24.79433   1.25423   0.75770   0.38245   0.99412   1.26103
   0.05323   0.03510  27.53029   1.36396   0.87191   0.50227   1.10624   1.37092
   0.05517   0.03608  30.16933   1.47247   0.98458   0.62014   1.21697   1.47958
   0.05701   0.03701  32.70458   1.57935   1.09534   0.73573   1.32592   1.58662
   0.05877   0.03790  35.12266   1.68403   1.20366   0.84853   1.43254   1.69144
   0.06045   0.03874  37.45015   1.78698   1.31003   0.95909   1.53731   1.79451
   0.06207   0.03956  39.69685   1.88831   1.41460   1.06760   1.64037   1.89598
   0.06362   0.04034  41.84991   1.98758   1.51693   1.17363   1.74128   1.99537
   0.06511   0.04109  43.89595   2.08424   1.61649   1.27669   1.83948   2.09214
   0.06656   0.04181  45.88681   2.17967   1.71470   1.37821   1.93639   2.18769
   0.06795   0.04251  47.77338   2.27235   1.81002   1.47668   2.03048   2.28047
   0.06930   0.04319  49.59703   2.36340   1.90360   1.57325   2.12288   2.37163
   0.07061   0.04384  51.34756   2.45246   1.99509   1.66758   2.21324   2.46079
   0.04175   0.02922   6.38704   0.56950   0.06015   0.00000   0.30259   0.57567
   0.04542   0.03108   9.16992   0.66385   0.16299   0.00000   0.40149   0.67033
   0.04872   0.03275  11.92927   0.76051   0.26697   0.00000   0.50209   0.76728
   0.05172   0.03427  14.60186   0.85760   0.37050   0.02098   0.60263   0.86462
   0.05451   0.03568  17.21076   0.95516   0.47384   0.12289   0.70330   0.96242
   0.05711   0.03699  19.71207   1.05210   0.57603   0.23046   0.80305   1.05958
   0.05956   0.03822  22.11371   1.14804   0.67679   0.33717   0.90158   1.15572
   0.06187   0.03938  24.41806   1.24269   0.77589   0.44149   0.99862   1.25057
   0.06406   0.04048  26.62535   1.33581   0.87314   0.54359   1.09396   1.34387
   0.06614   0.04153  28.73206   1.42710   0.96829   0.64322   1.18732   1.43534
   0.06812   0.04252  30.72867   1.51612   1.06092   0.74002   1.27828   1.52452
   0.07002   0.04347  32.63969   1.60330   1.15150   0.83450   1.36728   1.61185
   0.07184   0.04438  34.47482   1.68879   1.24021   0.92686   1.45450   1.69750
   0.07358   0.04526  36.22431   1.77224   1.32670   1.01679   1.53959   1.78109
   0.07526   0.04609  37.87795   1.85319   1.41055   1.10389   1.62209   1.86218
   0.07688   0.04690  39.48041   1.93288   1.49299   1.18940   1.70326   1.94200
   0.07844   0.04768  40.99110   2.01001   1.57274   1.27208   1.78180   2.01926
   0.07994   0.04843  42.44547   2.08556   1.65081   1.35292   1.85870   2.09493
   0.08140   0.04916  43.83561   2.15925   1.72691   1.43167   1.93369   2.16875
   0.04730   0.03206   6.11918   0.54628   0.05690   0.00000   0.28994   0.55285
   0.05136   0.03412   8.66098   0.63308   0.15214   0.00000   0.38127   0.64000
   0.05501   0.03596  11.15140   0.72123   0.24757   0.00000   0.47334   0.72847
   0.05833   0.03764  13.53957   0.80913   0.34186   0.01909   0.56467   0.81664
   0.06140   0.03919  15.85095   0.89691   0.43538   0.11154   0.65553   0.90467
   0.06426   0.04063  18.04998   0.98362   0.52732   0.20860   0.74505   0.99163
   0.06695   0.04199  20.14686   1.06902   0.61751   0.30439   0.83302   1.07725
   0.06948   0.04326  22.14627   1.15289   0.70580   0.39762   0.91927   1.16133
   0.07187   0.04446  24.05030   1.23506   0.79207   0.48846   1.00364   1.24370
   0.07415   0.04561  25.85773   1.31529   0.87614   0.57675   1.08593   1.32412
   0.07631   0.04669  27.56176   1.39324   0.95768   0.66223   1.16581   1.40225
   0.07838   0.04772  29.18496   1.46933   1.03715   0.74538   1.24372   1.47851
   0.08036   0.04871  30.73680   1.54372   1.11472   0.82640   1.31982   1.55306
   0.08226   0.04966  32.20955   1.61610   1.19013   0.90505   1.39383   1.62560
   0.08408   0.05057  33.59530   1.68611   1.26301   0.98100   1.46538   1.69576
   0.08584   0.05145  34.93357   1.75486   1.33449   1.05537   1.53560   1.76465
   0.08753   0.05229  36.18959   1.82120   1.40344   1.12708   1.60334   1.83113
   0.08917   0.05310  37.39471   1.88603   1.47077   1.19702   1.66952   1.89609
   0.09075   0.05388  38.54248   1.94912   1.53625   1.26499   1.73389   1.95931
   0.06952   0.04323   5.32073   0.47579   0.04744   0.00000   0.25212   0.48429
   0.07506   0.04605   7.19824   0.54146   0.12146   0.00000   0.32231   0.55044
   0.08000   0.04856   8.96805   0.60630   0.19349   0.00000   0.39105   0.61572
   0.08445   0.05081  10.61047   0.66943   0.26294   0.01403   0.45761   0.67925
   0.08855   0.05288  12.15591   0.73122   0.33039   0.08132   0.52248   0.74139
   0.09234   0.05480  13.58867   0.79114   0.39547   0.15075   0.58520   0.80164
   0.09588   0.05658  14.92348   0.84919   0.45824   0.21815   0.64581   0.86000
   0.09920   0.05825  16.16949   0.90536   0.51877   0.28278   0.70434   0.91645
   0.10233   0.05982  17.33282   0.95964   0.57709   0.34489   0.76082   0.97100
   0.10528   0.06129  18.41656   1.01197   0.63319   0.40449   0.81519   1.02358
   0.10808   0.06269  19.41947   1.06218   0.68693   0.46150   0.86732   1.07403
   0.11074   0.06402  20.35917   1.11064   0.73873   0.51633   0.91759   1.12273
   0.11328   0.06528  21.24398   1.15754   0.78876   0.56922   0.96620   1.16984
   0.11570   0.06648  22.07058   1.20271   0.83691   0.62005   1.01298   1.21522
   0.11802   0.06763  22.83552   1.24596   0.88298   0.66865   1.05776   1.25866
   0.12024   0.06873  23.56540   1.28808   0.92778   0.71584   1.10134   1.30097
   0.12238   0.06979  24.23916   1.32833   0.97059   0.76093   1.14298   1.34140
   0.12443   0.07080  24.87763   1.36736   1.01207   0.80456   1.18334   1.38060
   0.12641   0.07178  25.47748   1.40503   1.05208   0.84663   1.22228   1.41843
   0.10183   0.05987   4.54986   0.40621   0.03875   0.00000   0.21523   0.41738
   0.10920   0.06364   5.87243   0.45380   0.09457   0.00000   0.26733   0.46564
   0.11569   0.06695   7.06654   0.49939   0.14723   0.00000   0.31680   0.51182
   0.12149   0.06989   8.13413   0.54264   0.19669   0.00999   0.36344   0.55560
   0.12679   0.07257   9.10679   0.58402   0.24364   0.05740   0.40788   0.59746
   0.13165   0.07502   9.98109   0.62334   0.28801   0.10541   0.44997   0.63722
   0.13615   0.07728  10.77334   0.66073   0.33002   0.15120   0.48989   0.67500
   0.14035   0.07938  11.49406   0.69630   0.36985   0.19438   0.52779   0.71094
   0.14427   0.08133  12.15094   0.73013   0.40764   0.23527   0.56380   0.74513
   0.14796   0.08316  12.74853   0.76227   0.44346   0.27394   0.59795   0.77759
   0.15143   0.08487  13.28817   0.79266   0.47729   0.31043   0.63022   0.80828
   0.15471   0.08649  13.78310   0.82162   0.50948   0.34510   0.66095   0.83752
   0.15782   0.08802  14.23993   0.84930   0.54022   0.37816   0.69031   0.86547
   0.16078   0.08947  14.65774   0.87565   0.56946   0.40958   0.71825   0.89208
   0.16359   0.09084  15.03555   0.90056   0.59711   0.43928   0.74465   0.91723
   0.16628   0.09215  15.39035   0.92459   0.62375   0.46786   0.77011   0.94149
   0.16884   0.09340  15.70975   0.94728   0.64892   0.49487   0.79416   0.96439
   0.17130   0.09459  16.00706   0.96907   0.67309   0.52078   0.81725   0.98639
   0.17366   0.09573  16.28069   0.98989   0.69618   0.54554   0.83931   1.00741
   0.12704   0.07318   4.10945   0.36589   0.03402  -0.00001   0.19421   0.37929
   0.13560   0.07756   5.15649   0.40429   0.08053  -0.00001   0.23708   0.41849
   0.14309   0.08137   6.07569   0.44036   0.12358  -0.00001   0.27701   0.45526
   0.14974   0.08473   6.87711   0.47401   0.16335   0.00804   0.31403   0.48953
   0.15577   0.08776   7.59138   0.50575   0.20056   0.04595   0.34880   0.52182
   0.16128   0.09051   8.21990   0.53549   0.23527   0.08391   0.38128   0.55207
   0.16635   0.09303   8.77835   0.56342   0.26774   0.11969   0.41171   0.58045
   0.17105   0.09535   9.27685   0.58970   0.29819   0.15311   0.44029   0.60715
   0.17543   0.09750   9.72313   0.61442   0.32679   0.18442   0.46715   0.63227
   0.17952   0.09950  10.12157   0.63767   0.35365   0.21379   0.49239   0.65588
   0.18335   0.10136  10.47508   0.65944   0.37878   0.24126   0.51601   0.67798
   0.18695   0.10311  10.79369   0.67999   0.40250   0.26715   0.53830   0.69885
   0.19036   0.10476  11.08308   0.69947   0.42497   0.29165   0.55943   0.71862
   0.19359   0.10631  11.34325   0.71785   0.44617   0.31476   0.57937   0.73728
   0.19664   0.10776  11.57354   0.73508   0.46607   0.33645   0.59806   0.75477
   0.19956   0.10916  11.78689   0.75158   0.48512   0.35720   0.61596   0.77152
   0.20232   0.11047  11.97450   0.76703   0.50299   0.37668   0.63274   0.78720
   0.20496   0.11172  12.14636   0.78176   0.52003   0.39525   0.64874   0.80215
   0.20749   0.11291  12.30148   0.79572   0.53620   0.41288   0.66392   0.81633
   0.14847   0.08474   3.80001   0.33746   0.03082  -0.00001   0.17952   0.35283
   0.15790   0.08954   4.67247   0.36991   0.07129  -0.00001   0.21642   0.38619
   0.16610   0.09368   5.42176   0.39996   0.10822  -0.00001   0.25030   0.41703
   0.17334   0.09730   6.06215   0.42764   0.14191   0.00682   0.28131   0.44537
   0.17987   0.10055   6.62285   0.45344   0.17310   0.03884   0.31010   0.47179
   0.18581   0.10347   7.10755   0.47736   0.20190   0.07062   0.33672   0.49625
   0.19124   0.10613   7.53107   0.49961   0.22860   0.10033   0.36144   0.51899
   0.19626   0.10857   7.90312   0.52035   0.25344   0.12785   0.38444   0.54017
   0.20092   0.11082   8.23100   0.53969   0.27658   0.15346   0.40589   0.55993
   0.20525   0.11290   8.51902   0.55773   0.29816   0.17731   0.42588   0.57835
   0.20929   0.11483   8.77010   0.57448   0.31820   0.19947   0.44445   0.59545
   0.21307   0.11662   8.99282   0.59017   0.33699   0.22023   0.46185   0.61146
   0.21665   0.11831   9.19205   0.60495   0.35469   0.23976   0.47824   0.62654
   0.22002   0.11989   9.36803   0.61879   0.37129   0.25809   0.49360   0.64067
   0.22319   0.12137   9.52045   0.63165   0.38676   0.27519   0.50790   0.65380
   0.22621   0.12277   9.65978   0.64391   0.40151   0.29147   0.52153   0.66631
   0.22906   0.12409   9.77914   0.65529   0.41525   0.30666   0.53421   0.67792
   0.23179   0.12534   9.88653   0.66608   0.42830   0.32109   0.54625   0.68893
   0.23438   0.12653   9.98125   0.67625   0.44062   0.33472   0.55759   0.69931
   0.16742   0.09510   3.56194   0.31556   0.02843   0.00000   0.16834   0.33280
   0.17752   0.10020   4.31078   0.34376   0.06453   0.00000   0.20094   0.36197
   0.18625   0.10456   4.94205   0.36954   0.09710   0.00000   0.23051   0.38859
   0.19392   0.10835   5.47237   0.39303   0.12651   0.00597   0.25730   0.41279
   0.20081   0.11172   5.92952   0.41473   0.15351   0.03387   0.28194   0.43512
   0.20704   0.11474   6.31857   0.43465   0.17824   0.06137   0.30453   0.45561
   0.21272   0.11747   6.65323   0.45301   0.20098   0.08689   0.32533   0.47449
   0.21795   0.11996   6.94291   0.47000   0.22200   0.11039   0.34455   0.49193
   0.22278   0.12225   7.19447   0.48573   0.24146   0.13213   0.36235   0.50809
   0.22725   0.12435   7.41201   0.50029   0.25949   0.15226   0.37883   0.52304
   0.23140   0.12629   7.59815   0.51370   0.27614   0.17085   0.39403   0.53679
   0.23529   0.12809   7.76074   0.52619   0.29166   0.18818   0.40819   0.54961
   0.23895   0.12977   7.90394   0.53787   0.30621   0.20442   0.42146   0.56159
   0.24238   0.13133   8.02794   0.54874   0.31978   0.21959   0.43382   0.57274
   0.24560   0.13279   8.13271   0.55876   0.33236   0.23366   0.44525   0.58303
   0.24866   0.13418   8.22703   0.56827   0.34430   0.24701   0.45610   0.59278
   0.25154   0.13546   8.30528   0.57703   0.35537   0.25942   0.46613   0.60177
   0.25429   0.13668   8.37413   0.58529   0.36584   0.27116   0.47560   0.61025
   0.25689   0.13784   8.43302   0.59303   0.37568   0.28220   0.48450   0.61818
   0.24211   0.13656   2.83402   0.24901   0.02159   0.00000   0.13520   0.27440
   0.25389   0.14207   3.26176   0.26578   0.04583   0.00000   0.15616   0.29224
   0.26385   0.14663   3.59715   0.28042   0.06687   0.00000   0.17439   0.30777
   0.27239   0.15047   3.85963   0.29321   0.08523   0.00376   0.19029   0.32127
   0.27993   0.15379   4.07124   0.30457   0.10157   0.02111   0.20443   0.33326
   0.28660   0.15667   4.23844   0.31462   0.11611   0.03782   0.21697   0.34384
   0.29258   0.15921   4.37203   0.32357   0.12914   0.05296   0.22818   0.35323
   0.29797   0.16146   4.47886   0.33155   0.14089   0.06659   0.23824   0.36162
   0.30287   0.16347   4.56392   0.33871   0.15151   0.07895   0.24731   0.36913
   0.30734   0.16527   4.63062   0.34511   0.16114   0.09016   0.25549   0.37585
   0.31141   0.16688   4.68084   0.35080   0.16983   0.10032   0.26282   0.38180
   0.31516   0.16834   4.71926   0.35593   0.17777   0.10963   0.26949   0.38717
   0.31863   0.16967   4.74844   0.36059   0.18507   0.11820   0.27559   0.39204
   0.32184   0.17088   4.76869   0.36477   0.19175   0.12607   0.28113   0.39642
   0.32479   0.17197   4.78019   0.36848   0.19780   0.13326   0.28612   0.40029
   0.32757   0.17298   4.78765   0.37191   0.20347   0.13998   0.29076   0.40388
   0.33013   0.17389   4.78801   0.37493   0.20860   0.14611   0.29493   0.40703
   0.33254   0.17473   4.78490   0.37768   0.21338   0.15183   0.29877   0.40990
   0.33479   0.17551   4.77801   0.38016   0.21778   0.15713   0.30229   0.41249
   0.34667   0.19296   2.13435   0.18592   0.01570  -0.00001   0.10515   0.22363
   0.35823   0.19704   2.32967   0.19381   0.03056  -0.00002   0.11686   0.23214
   0.36755   0.20014   2.46356   0.20018   0.04287  -0.00002   0.12647   0.23892
   0.37520   0.20251   2.55316   0.20532   0.05316   0.00215   0.13439   0.24434
   0.38165   0.20439   2.61393   0.20956   0.06198   0.01193   0.14109   0.24876
   0.38712   0.20585   2.65115   0.21298   0.06953   0.02109   0.14672   0.25231
   0.39181   0.20699   2.67179   0.21577   0.07607   0.02914   0.15149   0.25516
   0.39585   0.20788   2.68030   0.21805   0.08177   0.03621   0.15558   0.25744
   0.39936   0.20858   2.67970   0.21989   0.08675   0.04244   0.15907   0.25926
   0.40242   0.20910   2.67187   0.22136   0.09113   0.04796   0.16206   0.26068
   0.40505   0.20946   2.65772   0.22248   0.09495   0.05283   0.16458   0.26172
   0.40736   0.20971   2.63986   0.22334   0.09834   0.05720   0.16676   0.26249
   0.40941   0.20988   2.61952   0.22400   0.10137   0.06113   0.16864   0.26305
   0.41121   0.20996   2.59670   0.22446   0.10404   0.06466   0.17024   0.26340
   0.41275   0.20995   2.57143   0.22470   0.10638   0.06779   0.17156   0.26353
   0.41415   0.20990   2.54593   0.22485   0.10852   0.07067   0.17273   0.26356
   0.41533   0.20978   2.51866   0.22484   0.11038   0.07324   0.17367   0.26341
   0.41637   0.20962   2.49129   0.22475   0.11206   0.07559   0.17448   0.26317
   0.41728   0.20942   2.46357   0.22455   0.11356   0.07772   0.17514   0.26284
   0.42370   0.22997   1.74889   0.15041   0.01267   0.00000   0.08864   0.19608
   0.43286   0.23156   1.84451   0.15420   0.02314   0.00000   0.09591   0.19969
   0.43977   0.23239   1.89737   0.15693   0.03152   0.00000   0.10155   0.20211
   0.44504   0.23267   1.92141   0.15882   0.03830   0.00146   0.10593   0.20365
   0.44916   0.23261   1.92811   0.16015   0.04394   0.00799   0.10943   0.20457
   0.45233   0.23228   1.92135   0.16096   0.04863   0.01400   0.11219   0.20498
   0.45478   0.23174   1.90595   0.16141   0.05257   0.01915   0.11438   0.20500
   0.45666   0.23106   1.88494   0.16157   0.05591   0.02359   0.11611   0.20474
   0.45808   0.23027   1.86010   0.16149   0.05874   0.02742   0.11748   0.20424
   0.45911   0.22940   1.83263   0.16122   0.06117   0.03076   0.11853   0.20356
   0.45977   0.22845   1.80300   0.16080   0.06322   0.03364   0.11930   0.20269
   0.46019   0.22746   1.77268   0.16025   0.06498   0.03617   0.11986   0.20173
   0.46042   0.22645   1.74231   0.15962   0.06651   0.03842   0.12028   0.20069
   0.46044   0.22541   1.71181   0.15892   0.06782   0.04039   0.12054   0.19958
   0.46028   0.22433   1.68104   0.15812   0.06891   0.04212   0.12065   0.19840
   0.46003   0.22326   1.65127   0.15730   0.06989   0.04368   0.12069   0.19722
   0.45961   0.22217   1.62151   0.15642   0.07069   0.04504   0.12061   0.19596
   0.45910   0.22109   1.59262   0.15553   0.07139   0.04626   0.12046   0.19470
   0.45851   0.22001   1.56438   0.15461   0.07198   0.04734   0.12025   0.19342
   0.48419   0.25441   1.48949   0.12515   0.01062  -0.00001   0.07661   0.17506
   0.48982   0.25319   1.52866   0.12655   0.01845   0.00001   0.08116   0.17544
   0.49342   0.25158   1.53799   0.12723   0.02453   0.00001   0.08445   0.17512
   0.49556   0.24971   1.52869   0.12738   0.02930   0.00107   0.08681   0.17430
   0.49677   0.24770   1.50936   0.12718   0.03318   0.00575   0.08854   0.17317
   0.49719   0.24557   1.48264   0.12667   0.03630   0.00999   0.08974   0.17181
   0.49702   0.24343   1.45207   0.12599   0.03885   0.01356   0.09056   0.17025
   0.49644   0.24125   1.41949   0.12515   0.04095   0.01659   0.09108   0.16861
   0.49555   0.23908   1.38606   0.12420   0.04269   0.01917   0.09137   0.16692
   0.49438   0.23693   1.35238   0.12316   0.04413   0.02136   0.09147   0.16516
   0.49295   0.23479   1.31865   0.12206   0.04531   0.02323   0.09140   0.16337
   0.49137   0.23271   1.28577   0.12094   0.04628   0.02485   0.09123   0.16157
   0.48969   0.23068   1.25399   0.11980   0.04709   0.02625   0.09097   0.15980
   0.48792   0.22867   1.22312   0.11865   0.04776   0.02747   0.09063   0.15803
   0.48602   0.22669   1.19301   0.11748   0.04829   0.02851   0.09021   0.15625
   0.48412   0.22477   1.16439   0.11634   0.04874   0.02944   0.08977   0.15453
   0.48212   0.22288   1.13654   0.11516   0.04907   0.03023   0.08926   0.15283
   0.48011   0.22104   1.10994   0.11401   0.04934   0.03092   0.08874   0.15116
   0.47808   0.21924   1.08438   0.11287   0.04954   0.03153   0.08819   0.14952
   0.53222   0.26957   1.29654   0.10513   0.00901   0.00000   0.06660   0.15635
   0.53360   0.26560   1.29940   0.10506   0.01506  -0.00001   0.06934   0.15450
   0.53334   0.26164   1.28226   0.10454   0.01962   0.00000   0.07110   0.15236
   0.53202   0.25772   1.25390   0.10369   0.02309   0.00080   0.07219   0.15006
   0.53005   0.25392   1.22056   0.10265   0.02584   0.00429   0.07283   0.14767
   0.52753   0.25019   1.18403   0.10144   0.02800   0.00742   0.07311   0.14525
   0.52463   0.24660   1.14665   0.10018   0.02972   0.01001   0.07314   0.14280
   0.52153   0.24311   1.10960   0.09885   0.03109   0.01216   0.07298   0.14042
   0.51825   0.23978   1.07348   0.09752   0.03219   0.01396   0.07269   0.13804
   0.51487   0.23655   1.03854   0.09616   0.03305   0.01547   0.07228   0.13575
   0.51139   0.23341   1.00477   0.09479   0.03373   0.01675   0.07178   0.13352
   0.50788   0.23041   0.97262   0.09345   0.03427   0.01783   0.07123   0.13133
   0.50437   0.22753   0.94218   0.09214   0.03470   0.01875   0.07065   0.12921
   0.50087   0.22475   0.91321   0.09083   0.03503   0.01953   0.07003   0.12718
   0.49735   0.22204   0.88549   0.08955   0.03526   0.02019   0.06937   0.12519
   0.49391   0.21945   0.85945   0.08831   0.03544   0.02077   0.06872   0.12328
   0.49045   0.21693   0.83451   0.08709   0.03554   0.02125   0.06804   0.12142
   0.48705   0.21450   0.81095   0.08591   0.03560   0.02166   0.06737   0.11963
   0.48368   0.21215   0.78857   0.08475   0.03562   0.02201   0.06670   0.11789
   0.57768   0.27860   1.10972   0.08465   0.00739  -0.00001   0.05570   0.13438
   0.57317   0.27150   1.08280   0.08352   0.01186  -0.00001   0.05694   0.13078
   0.56784   0.26489   1.04541   0.08216   0.01512  -0.00001   0.05750   0.12728
   0.56198   0.25874   1.00362   0.08067   0.01753   0.00057   0.05761   0.12389
   0.55594   0.25300   0.96138   0.07913   0.01937   0.00308   0.05746   0.12067
   0.54973   0.24757   0.91949   0.07755   0.02076   0.00529   0.05708   0.11757
   0.54349   0.24249   0.87925   0.07599   0.02182   0.00706   0.05657   0.11461
   0.53731   0.23768   0.84116   0.07444   0.02263   0.00853   0.05597   0.11180
   0.53123   0.23314   0.80533   0.07294   0.02326   0.00973   0.05531   0.10912
   0.52525   0.22886   0.77171   0.07147   0.02371   0.01072   0.05461   0.10658
   0.51935   0.22476   0.74008   0.07006   0.02405   0.01153   0.05387   0.10414
   0.51360   0.22088   0.71060   0.06868   0.02429   0.01220   0.05312   0.10183
   0.50803   0.21720   0.68317   0.06736   0.02446   0.01278   0.05238   0.09964
   0.50259   0.21368   0.65749   0.06609   0.02455   0.01325   0.05163   0.09756
   0.49724   0.21031   0.63334   0.06485   0.02459   0.01364   0.05089   0.09554
   0.49210   0.20711   0.61090   0.06367   0.02460   0.01397   0.05017   0.09364
   0.48705   0.20402   0.58974   0.06251   0.02456   0.01423   0.04944   0.09182
   0.48215   0.20107   0.56994   0.06141   0.02450   0.01445   0.04874   0.09008
   0.47738   0.19823   0.55132   0.06035   0.02442   0.01463   0.04805   0.08839
   0.60908   0.27924   0.96023   0.06775   0.00603  -0.00003   0.04609   0.11373
   0.59855   0.26938   0.91415   0.06609   0.00941  -0.00002   0.04641   0.10919
   0.58805   0.26056   0.86497   0.06438   0.01178  -0.00003   0.04629   0.10504
   0.57778   0.25256   0.81640   0.06263   0.01350   0.00041   0.04587   0.10121
   0.56781   0.24527   0.77057   0.06093   0.01474   0.00227   0.04529   0.09769
   0.55811   0.23855   0.72742   0.05926   0.01566   0.00386   0.04460   0.09439
   0.54873   0.23231   0.68749   0.05767   0.01632   0.00512   0.04385   0.09131
   0.53973   0.22650   0.65083   0.05614   0.01680   0.00614   0.04307   0.08844
   0.53110   0.22109   0.61718   0.05468   0.01715   0.00696   0.04228   0.08577
   0.52281   0.21602   0.58623   0.05327   0.01738   0.00763   0.04147   0.08327
   0.51477   0.21126   0.55770   0.05194   0.01752   0.00817   0.04068   0.08092
   0.50708   0.20677   0.53150   0.05067   0.01760   0.00861   0.03989   0.07871
   0.49972   0.20253   0.50745   0.04947   0.01764   0.00897   0.03913   0.07663
   0.49263   0.19853   0.48524   0.04831   0.01763   0.00926   0.03838   0.07468
   0.48576   0.19473   0.46460   0.04721   0.01757   0.00950   0.03766   0.07282
   0.47920   0.19114   0.44560   0.04617   0.01750   0.00969   0.03696   0.07107
   0.47281   0.18771   0.42789   0.04517   0.01741   0.00984   0.03629   0.06938
   0.46668   0.18444   0.41147   0.04421   0.01730   0.00996   0.03563   0.06780
   0.46078   0.18130   0.39617   0.04329   0.01718   0.01005   0.03500   0.06631
   0.62806   0.27354   0.83506   0.05371   0.00488   0.00000   0.03765   0.09460
   0.61162   0.26146   0.77690   0.05188   0.00745  -0.00001   0.03742   0.08975
   0.59618   0.25093   0.72139   0.05010   0.00918  -0.00001   0.03689   0.08545
   0.58170   0.24155   0.67013   0.04836   0.01039   0.00031   0.03620   0.08160
   0.56812   0.23313   0.62381   0.04672   0.01124   0.00168   0.03544   0.07810
   0.55524   0.22545   0.58173   0.04516   0.01184   0.00284   0.03461   0.07489
   0.54310   0.21839   0.54384   0.04366   0.01225   0.00375   0.03379   0.07196
   0.53164   0.21191   0.50977   0.04226   0.01252   0.00446   0.03297   0.06928
   0.52081   0.20591   0.47911   0.04093   0.01270   0.00502   0.03217   0.06678
   0.51046   0.20039   0.45140   0.03972   0.01280   0.00549   0.03137   0.06448
   0.50069   0.19517   0.42623   0.03854   0.01283   0.00584   0.03061   0.06233
   0.49137   0.19032   0.40341   0.03744   0.01283   0.00612   0.02988   0.06033
   0.48253   0.18579   0.38269   0.03641   0.01279   0.00636   0.02918   0.05846
   0.47413   0.18151   0.36375   0.03541   0.01273   0.00653   0.02850   0.05673
   0.46605   0.17745   0.34637   0.03447   0.01264   0.00667   0.02784   0.05509
   0.45839   0.17364   0.33048   0.03359   0.01255   0.00679   0.02722   0.05356
   0.45099   0.17003   0.31579   0.03275   0.01244   0.00685   0.02662   0.05211
   0.44392   0.16661   0.30227   0.03195   0.01232   0.00691   0.02604   0.05075
   0.43713   0.16336   0.28977   0.03120   0.01218   0.00695   0.02549   0.04947
   0.63598   0.26313   0.72699   0.04209   0.00391  -0.00002   0.03030   0.07733
   0.61397   0.24936   0.66177   0.04030   0.00586  -0.00002   0.02978   0.07258
   0.59402   0.23754   0.60356   0.03861   0.00716  -0.00003   0.02909   0.06844
   0.57578   0.22717   0.55228   0.03701   0.00802   0.00023   0.02829   0.06481
   0.55901   0.21796   0.50736   0.03551   0.00860   0.00124   0.02748   0.06158
   0.54340   0.20963   0.46766   0.03411   0.00899   0.00210   0.02667   0.05865
   0.52889   0.20207   0.43270   0.03281   0.00924   0.00276   0.02586   0.05600
   0.51534   0.19518   0.40182   0.03159   0.00939   0.00328   0.02510   0.05358
   0.50267   0.18887   0.37448   0.03046   0.00947   0.00367   0.02434   0.05140
   0.49079   0.18306   0.35008   0.02941   0.00949   0.00400   0.02363   0.04936
   0.47958   0.17762   0.32821   0.02841   0.00948   0.00422   0.02295   0.04749
   0.46901   0.17260   0.30863   0.02747   0.00943   0.00441   0.02229   0.04578
   0.45905   0.16792   0.29102   0.02660   0.00936   0.00457   0.02167   0.04420
   0.44963   0.16353   0.27507   0.02578   0.00927   0.00467   0.02110   0.04272
   0.44061   0.15941   0.26058   0.02502   0.00917   0.00475   0.02053   0.04133
   0.43210   0.15556   0.24741   0.02431   0.00907   0.00482   0.02000   0.04004
   0.42397   0.15190   0.23533   0.02362   0.00896   0.00487   0.01950   0.03882
   0.41624   0.14846   0.22428   0.02298   0.00885   0.00489   0.01902   0.03768
   0.40885   0.14520   0.21412   0.02237   0.00873   0.00491   0.01856   0.03661
   0.63409   0.24925   0.63191   0.03256   0.00311  -0.00002   0.02402   0.06212
   0.60709   0.23428   0.56337   0.03091   0.00460  -0.00001   0.02340   0.05775
   0.58315   0.22160   0.50509   0.02939   0.00556  -0.00002   0.02266   0.05400
   0.56166   0.21061   0.45550   0.02800   0.00618   0.00017   0.02189   0.05072
   0.54222   0.20092   0.41323   0.02670   0.00657   0.00094   0.02111   0.04788
   0.52434   0.19226   0.37672   0.02550   0.00682   0.00159   0.02036   0.04532
   0.50791   0.18445   0.34510   0.02439   0.00697   0.00206   0.01964   0.04301
   0.49272   0.17742   0.31765   0.02337   0.00706   0.00243   0.01895   0.04092
   0.47862   0.17098   0.29361   0.02244   0.00707   0.00272   0.01830   0.03905
   0.46553   0.16507   0.27249   0.02155   0.00705   0.00294   0.01767   0.03737
   0.45323   0.15963   0.25374   0.02076   0.00700   0.00310   0.01708   0.03579
   0.44174   0.15459   0.23712   0.02000   0.00694   0.00322   0.01654   0.03435
   0.43097   0.14992   0.22231   0.01930   0.00687   0.00330   0.01602   0.03302
   0.42082   0.14558   0.20899   0.01865   0.00678   0.00337   0.01553   0.03180
   0.41121   0.14151   0.19699   0.01804   0.00669   0.00342   0.01506   0.03067
   0.40217   0.13771   0.18619   0.01747   0.00659   0.00346   0.01462   0.02961
   0.39355   0.13413   0.17636   0.01692   0.00648   0.00347   0.01421   0.02863
   0.38539   0.13076   0.16740   0.01642   0.00638   0.00348   0.01382   0.02770
   0.37763   0.12757   0.15920   0.01594   0.00628   0.00348   0.01344   0.02684
   0.62362   0.23292   0.54730   0.02478   0.00245   0.00004   0.01879   0.04909
   0.59222   0.21729   0.47841   0.02341   0.00358   0.00003   0.01813   0.04519
   0.56490   0.20416   0.42198   0.02214   0.00427   0.00004   0.01741   0.04194
   0.54075   0.19291   0.37533   0.02097   0.00472   0.00016   0.01670   0.03910
   0.51913   0.18308   0.33641   0.01992   0.00498   0.00073   0.01601   0.03664
   0.49951   0.17434   0.30342   0.01891   0.00516   0.00119   0.01536   0.03447
   0.48160   0.16654   0.27534   0.01801   0.00522   0.00153   0.01472   0.03257
   0.46526   0.15947   0.25126   0.01716   0.00525   0.00179   0.01413   0.03087
   0.45016   0.15310   0.23048   0.01642   0.00523   0.00198   0.01357   0.02932
   0.43620   0.14731   0.21241   0.01572   0.00519   0.00212   0.01307   0.02789
   0.42320   0.14196   0.19653   0.01509   0.00514   0.00223   0.01257   0.02662
   0.41112   0.13704   0.18256   0.01449   0.00507   0.00231   0.01212   0.02546
   0.39986   0.13250   0.17021   0.01393   0.00500   0.00238   0.01171   0.02440
   0.38931   0.12828   0.15923   0.01342   0.00492   0.00242   0.01130   0.02342
   0.37935   0.12436   0.14938   0.01294   0.00484   0.00244   0.01093   0.02250
   0.37002   0.12071   0.14055   0.01250   0.00476   0.00245   0.01058   0.02164
   0.36119   0.11727   0.13258   0.01207   0.00467   0.00246   0.01026   0.02086
   0.35285   0.11406   0.12537   0.01167   0.00458   0.00247   0.00995   0.02013
   0.34494   0.11103   0.11883   0.01130   0.00450   0.00247   0.00966   0.01945
   0.60548   0.21539   0.47197   0.01886   0.00177  -0.00013   0.01431   0.03809
   0.57056   0.19940   0.40472   0.01768   0.00266  -0.00013   0.01373   0.03478
   0.54060   0.18611   0.35136   0.01660   0.00318  -0.00013   0.01312   0.03203
   0.51443   0.17483   0.30834   0.01563   0.00351  -0.00001   0.01251   0.02968
   0.49129   0.16502   0.27317   0.01472   0.00369   0.00043   0.01195   0.02767
   0.47039   0.15644   0.24387   0.01395   0.00380   0.00080   0.01139   0.02587
   0.45154   0.14874   0.21931   0.01319   0.00383   0.00106   0.01088   0.02434
   0.43437   0.14189   0.19848   0.01253   0.00384   0.00124   0.01039   0.02295
   0.41864   0.13573   0.18071   0.01195   0.00383   0.00138   0.00994   0.02169
   0.40420   0.13012   0.16542   0.01141   0.00379   0.00150   0.00953   0.02057
   0.39086   0.12497   0.15211   0.01089   0.00373   0.00158   0.00915   0.01955
   0.37852   0.12026   0.14051   0.01041   0.00367   0.00163   0.00879   0.01863
   0.36705   0.11594   0.13033   0.00998   0.00361   0.00167   0.00846   0.01779
   0.35633   0.11194   0.12132   0.00959   0.00354   0.00170   0.00814   0.01702
   0.34627   0.10822   0.11332   0.00923   0.00348   0.00171   0.00785   0.01629
   0.33688   0.10478   0.10617   0.00890   0.00341   0.00171   0.00758   0.01562
   0.32800   0.10157   0.09977   0.00858   0.00334   0.00172   0.00732   0.01500
   0.31967   0.09856   0.09400   0.00828   0.00326   0.00172   0.00708   0.01444
   0.31181   0.09573   0.08879   0.00798   0.00318   0.00171   0.00685   0.01393
   0.58125   0.19655   0.40419   0.01389   0.00138  -0.00003   0.01089   0.02909
   0.54349   0.18067   0.34025   0.01297   0.00206  -0.00004   0.01036   0.02635
   0.51155   0.16760   0.29093   0.01213   0.00244  -0.00003   0.00983   0.02408
   0.48395   0.15657   0.25202   0.01136   0.00266   0.00005   0.00932   0.02219
   0.45970   0.14709   0.22075   0.01069   0.00278   0.00036   0.00884   0.02054
   0.43808   0.13875   0.19510   0.01005   0.00284   0.00063   0.00839   0.01914
   0.41868   0.13139   0.17390   0.00948   0.00286   0.00081   0.00797   0.01789
   0.40110   0.12485   0.15616   0.00898   0.00285   0.00094   0.00759   0.01680
   0.38514   0.11898   0.14117   0.00852   0.00282   0.00104   0.00723   0.01582
   0.37055   0.11366   0.12836   0.00811   0.00278   0.00111   0.00690   0.01495
   0.35710   0.10883   0.11733   0.00773   0.00272   0.00115   0.00660   0.01416
   0.34474   0.10443   0.10779   0.00737   0.00267   0.00119   0.00632   0.01343
   0.33333   0.10040   0.09948   0.00704   0.00262   0.00122   0.00607   0.01277
   0.32271   0.09666   0.09219   0.00675   0.00256   0.00123   0.00583   0.01218
   0.31273   0.09322   0.08574   0.00648   0.00250   0.00123   0.00560   0.01164
   0.30345   0.09004   0.08002   0.00624   0.00244   0.00123   0.00538   0.01114
   0.29476   0.08706   0.07491   0.00599   0.00238   0.00122   0.00519   0.01068
   0.28662   0.08428   0.07033   0.00576   0.00232   0.00122   0.00501   0.01025
   0.27894   0.08169   0.06620   0.00555   0.00227   0.00121   0.00484   0.00986
   0.55172   0.17761   0.34379   0.01016   0.00104  -0.00004   0.00808   0.02180
   0.51202   0.16209   0.28425   0.00944   0.00154  -0.00003   0.00766   0.01961
   0.47883   0.14942   0.23945   0.00878   0.00182  -0.00004   0.00723   0.01782
   0.45041   0.13880   0.20486   0.00819   0.00198   0.00003   0.00682   0.01633
   0.42567   0.12975   0.17745   0.00764   0.00207   0.00027   0.00644   0.01505
   0.40371   0.12187   0.15534   0.00718   0.00208   0.00046   0.00608   0.01395
   0.38413   0.11495   0.13728   0.00677   0.00209   0.00059   0.00576   0.01296
   0.36654   0.10881   0.12232   0.00638   0.00207   0.00069   0.00545   0.01212
   0.35065   0.10332   0.10980   0.00603   0.00204   0.00075   0.00518   0.01139
   0.33620   0.09838   0.09921   0.00573   0.00200   0.00079   0.00492   0.01071
   0.32297   0.09390   0.09018   0.00543   0.00196   0.00083   0.00469   0.01011
   0.31082   0.08983   0.08241   0.00517   0.00192   0.00085   0.00448   0.00956
   0.29964   0.08612   0.07568   0.00493   0.00187   0.00086   0.00429   0.00907
   0.28928   0.08270   0.06982   0.00470   0.00183   0.00086   0.00410   0.00862
   0.27964   0.07955   0.06466   0.00450   0.00178   0.00087   0.00393   0.00820
   0.27069   0.07665   0.06011   0.00432   0.00174   0.00087   0.00378   0.00783
   0.26229   0.07394   0.05608   0.00414   0.00168   0.00086   0.00363   0.00750
   0.25444   0.07143   0.05249   0.00398   0.00163   0.00085   0.00349   0.00718
   0.24707   0.06909   0.04926   0.00384   0.00159   0.00084   0.00336   0.00687
   0.51809   0.15875   0.29000   0.00727   0.00080   0.00001   0.00593   0.01606
   0.47729   0.14387   0.23565   0.00671   0.00115   0.00000   0.00559   0.01436
   0.44347   0.13181   0.19564   0.00623   0.00137   0.00000   0.00527   0.01294
   0.41477   0.12182   0.16531   0.00581   0.00148   0.00005   0.00493   0.01179
   0.38998   0.11332   0.14169   0.00539   0.00152   0.00023   0.00464   0.01083
   0.36811   0.10598   0.12288   0.00507   0.00154   0.00036   0.00436   0.00998
   0.34880   0.09954   0.10768   0.00474   0.00153   0.00045   0.00411   0.00925
   0.33154   0.09386   0.09522   0.00446   0.00151   0.00051   0.00389   0.00861
   0.31601   0.08881   0.08488   0.00420   0.00148   0.00055   0.00367   0.00805
   0.30196   0.08429   0.07623   0.00396   0.00145   0.00058   0.00348   0.00755
   0.28914   0.08021   0.06892   0.00375   0.00141   0.00060   0.00330   0.00709
   0.27741   0.07652   0.06265   0.00357   0.00137   0.00061   0.00314   0.00668
   0.26666   0.07315   0.05726   0.00341   0.00133   0.00062   0.00300   0.00631
   0.25674   0.07007   0.05259   0.00324   0.00130   0.00062   0.00287   0.00599
   0.24754   0.06723   0.04853   0.00309   0.00126   0.00062   0.00274   0.00570
   0.23903   0.06462   0.04496   0.00295   0.00122   0.00062   0.00262   0.00543
   0.23106   0.06220   0.04180   0.00284   0.00118   0.00062   0.00251   0.00517
   0.22365   0.05995   0.03899   0.00273   0.00115   0.00061   0.00241   0.00494
   0.21671   0.05785   0.03649   0.00261   0.00111   0.00060   0.00233   0.00473
   0.48137   0.14038   0.24241   0.00504   0.00061   0.00005   0.00431   0.01161
   0.44018   0.12637   0.19367   0.00469   0.00088   0.00005   0.00404   0.01029
   0.40637   0.11510   0.15851   0.00433   0.00102   0.00004   0.00378   0.00926
   0.37798   0.10580   0.13233   0.00402   0.00109   0.00007   0.00353   0.00837
   0.35358   0.09793   0.11223   0.00373   0.00111   0.00020   0.00330   0.00766
   0.33229   0.09118   0.09642   0.00348   0.00112   0.00027   0.00309   0.00701
   0.31352   0.08529   0.08379   0.00324   0.00111   0.00034   0.00290   0.00648
   0.29680   0.08014   0.07355   0.00305   0.00109   0.00038   0.00273   0.00600
   0.28188   0.07558   0.06515   0.00288   0.00107   0.00041   0.00257   0.00558
   0.26844   0.07149   0.05816   0.00271   0.00104   0.00043   0.00243   0.00522
   0.25619   0.06781   0.05229   0.00256   0.00100   0.00044   0.00230   0.00491
   0.24507   0.06450   0.04730   0.00241   0.00097   0.00045   0.00219   0.00461
   0.23491   0.06150   0.04303   0.00228   0.00094   0.00045   0.00208   0.00434
   0.22555   0.05875   0.03935   0.00218   0.00092   0.00044   0.00198   0.00410
   0.21688   0.05623   0.03617   0.00209   0.00089   0.00044   0.00189   0.00389
   0.20890   0.05393   0.03339   0.00200   0.00086   0.00044   0.00181   0.00370
   0.20149   0.05178   0.03094   0.00190   0.00084   0.00044   0.00173   0.00352
   0.19460   0.04980   0.02877   0.00182   0.00081   0.00043   0.00165   0.00336
   0.18814   0.04797   0.02685   0.00175   0.00078   0.00042   0.00159   0.00321
   0.44247   0.12303   0.20083   0.00355   0.00042   0.00002   0.00301   0.00824
   0.40173   0.10995   0.15777   0.00325   0.00062   0.00000   0.00284   0.00726
   0.36857   0.09956   0.12734   0.00301   0.00072   0.00001   0.00263   0.00649
   0.34088   0.09103   0.10505   0.00278   0.00077   0.00003   0.00245   0.00584
   0.31733   0.08385   0.08816   0.00256   0.00080   0.00013   0.00229   0.00531
   0.29682   0.07772   0.07506   0.00238   0.00080   0.00019   0.00214   0.00486
   0.27887   0.07242   0.06472   0.00223   0.00079   0.00023   0.00200   0.00446
   0.26299   0.06779   0.05642   0.00211   0.00077   0.00027   0.00188   0.00411
   0.24887   0.06372   0.04964   0.00197   0.00075   0.00029   0.00177   0.00380
   0.23618   0.06007   0.04406   0.00184   0.00073   0.00030   0.00166   0.00355
   0.22471   0.05682   0.03939   0.00173   0.00070   0.00030   0.00157   0.00332
   0.21431   0.05389   0.03547   0.00164   0.00067   0.00030   0.00148   0.00312
   0.20484   0.05123   0.03213   0.00155   0.00064   0.00030   0.00140   0.00294
   0.19617   0.04882   0.02927   0.00147   0.00062   0.00030   0.00133   0.00277
   0.18814   0.04661   0.02680   0.00141   0.00061   0.00031   0.00127   0.00262
   0.18076   0.04460   0.02466   0.00135   0.00059   0.00031   0.00121   0.00248
   0.17394   0.04275   0.02278   0.00128   0.00057   0.00030   0.00116   0.00235
   0.16763   0.04103   0.02112   0.00122   0.00055   0.00029   0.00110   0.00223
   0.16174   0.03942   0.01965   0.00117   0.00053   0.00028   0.00105   0.00213
   0.40243   0.10658   0.16457   0.00239   0.00031   0.00003   0.00209   0.00573
   0.36275   0.09461   0.12720   0.00220   0.00045   0.00003   0.00195   0.00502
   0.33075   0.08517   0.10131   0.00204   0.00050   0.00001   0.00181   0.00448
   0.30419   0.07748   0.08261   0.00191   0.00054   0.00003   0.00168   0.00400
   0.28172   0.07107   0.06864   0.00177   0.00055   0.00010   0.00156   0.00362
   0.26236   0.06559   0.05792   0.00163   0.00055   0.00014   0.00145   0.00330
   0.24543   0.06088   0.04954   0.00154   0.00053   0.00015   0.00134   0.00301
   0.23061   0.05677   0.04289   0.00142   0.00052   0.00017   0.00126   0.00278
   0.21742   0.05316   0.03750   0.00133   0.00051   0.00018   0.00118   0.00257
   0.20567   0.04996   0.03310   0.00124   0.00049   0.00019   0.00110   0.00239
   0.19507   0.04713   0.02944   0.00117   0.00047   0.00020   0.00103   0.00222
   0.18547   0.04458   0.02638   0.00111   0.00045   0.00020   0.00098   0.00208
   0.17676   0.04228   0.02380   0.00106   0.00044   0.00020   0.00093   0.00195
   0.16883   0.04018   0.02160   0.00099   0.00041   0.00019   0.00087   0.00184
   0.16155   0.03826   0.01971   0.00094   0.00040   0.00019   0.00083   0.00172
   0.15487   0.03652   0.01807   0.00090   0.00039   0.00019   0.00079   0.00162
   0.14867   0.03492   0.01664   0.00085   0.00037   0.00019   0.00075   0.00154
   0.14293   0.03345   0.01538   0.00082   0.00036   0.00018   0.00072   0.00147
   0.13760   0.03208   0.01428   0.00079   0.00034   0.00018   0.00068   0.00139
   0.36198   0.09127   0.13326   0.00154   0.00023   0.00005   0.00145   0.00389
   0.32389   0.08048   0.10131   0.00143   0.00033   0.00004   0.00134   0.00340
   0.29344   0.07201   0.07958   0.00132   0.00037   0.00003   0.00124   0.00299
   0.26844   0.06516   0.06412   0.00121   0.00040   0.00005   0.00114   0.00269
   0.24737   0.05946   0.05274   0.00113   0.00039   0.00008   0.00105   0.00243
   0.22926   0.05465   0.04412   0.00105   0.00040   0.00011   0.00099   0.00217
   0.21358   0.05051   0.03743   0.00098   0.00038   0.00012   0.00091   0.00199
   0.19990   0.04692   0.03217   0.00090   0.00037   0.00014   0.00085   0.00183
   0.18779   0.04380   0.02796   0.00083   0.00035   0.00014   0.00080   0.00169
   0.17700   0.04103   0.02451   0.00080   0.00034   0.00015   0.00075   0.00156
   0.16735   0.03856   0.02170   0.00074   0.00033   0.00015   0.00070   0.00145
   0.15864   0.03637   0.01936   0.00070   0.00032   0.00015   0.00066   0.00135
   0.15077   0.03440   0.01739   0.00066   0.00031   0.00015   0.00062   0.00126
   0.14361   0.03260   0.01572   0.00062   0.00029   0.00015   0.00058   0.00119
   0.13704   0.03097   0.01429   0.00059   0.00028   0.00015   0.00055   0.00113
   0.13103   0.02949   0.01306   0.00056   0.00028   0.00014   0.00053   0.00107
   0.12549   0.02813   0.01199   0.00053   0.00026   0.00014   0.00050   0.00100
   0.12039   0.02689   0.01106   0.00051   0.00025   0.00013   0.00048   0.00095
   0.11566   0.02574   0.01023   0.00049   0.00024   0.00013   0.00045   0.00090
   0.32189   0.07733   0.10660   0.00100   0.00017   0.00003   0.00097   0.00258
   0.28596   0.06767   0.07967   0.00090   0.00024   0.00003   0.00089   0.00225
   0.25741   0.06016   0.06170   0.00083   0.00027   0.00003   0.00083   0.00199
   0.23410   0.05415   0.04913   0.00078   0.00028   0.00003   0.00077   0.00176
   0.21461   0.04916   0.04000   0.00072   0.00029   0.00006   0.00071   0.00158
   0.19801   0.04497   0.03316   0.00066   0.00029   0.00009   0.00067   0.00143
   0.18368   0.04140   0.02792   0.00062   0.00028   0.00010   0.00062   0.00129
   0.17119   0.03832   0.02382   0.00058   0.00027   0.00011   0.00057   0.00119
   0.16025   0.03562   0.02057   0.00052   0.00026   0.00011   0.00054   0.00108
   0.15054   0.03326   0.01795   0.00047   0.00025   0.00011   0.00050   0.00100
   0.14184   0.03117   0.01581   0.00044   0.00024   0.00011   0.00047   0.00093
   0.13406   0.02930   0.01404   0.00041   0.00023   0.00012   0.00044   0.00086
   0.12705   0.02763   0.01256   0.00038   0.00022   0.00012   0.00042   0.00081
   0.12066   0.02613   0.01132   0.00037   0.00020   0.00011   0.00039   0.00076
   0.11484   0.02476   0.01025   0.00036   0.00020   0.00011   0.00037   0.00071
   0.10954   0.02352   0.00933   0.00034   0.00019   0.00010   0.00035   0.00067
   0.10467   0.02238   0.00854   0.00031   0.00018   0.00010   0.00033   0.00063
   0.10018   0.02134   0.00786   0.00029   0.00018   0.00010   0.00032   0.00059
   0.09603   0.02038   0.00726   0.00028   0.00017   0.00009   0.00030   0.00056
   0.28300   0.06481   0.08425   0.00071   0.00008  -0.00002   0.00059   0.00167
   0.24956   0.05635   0.06202   0.00064   0.00012  -0.00001   0.00055   0.00145
   0.22326   0.04981   0.04740   0.00059   0.00015  -0.00001   0.00051   0.00127
   0.20194   0.04459   0.03734   0.00053   0.00016  -0.00002   0.00047   0.00113
   0.18424   0.04031   0.03011   0.00049   0.00016   0.00001   0.00043   0.00101
   0.16919   0.03671   0.02475   0.00045   0.00016   0.00003   0.00041   0.00091
   0.15628   0.03365   0.02069   0.00043   0.00016   0.00004   0.00037   0.00083
   0.14512   0.03104   0.01754   0.00039   0.00016   0.00005   0.00034   0.00075
   0.13533   0.02877   0.01505   0.00037   0.00016   0.00006   0.00032   0.00069
   0.12670   0.02677   0.01307   0.00035   0.00015   0.00006   0.00030   0.00063
   0.11902   0.02501   0.01146   0.00032   0.00013   0.00006   0.00028   0.00059
   0.11216   0.02345   0.01013   0.00029   0.00013   0.00005   0.00026   0.00055
   0.10599   0.02205   0.00903   0.00027   0.00012   0.00005   0.00024   0.00052
   0.10040   0.02079   0.00810   0.00027   0.00012   0.00005   0.00023   0.00048
   0.09531   0.01966   0.00732   0.00026   0.00011   0.00005   0.00021   0.00044
   0.09068   0.01863   0.00665   0.00025   0.00011   0.00005   0.00021   0.00041
   0.08644   0.01769   0.00607   0.00024   0.00010   0.00005   0.00019   0.00039
   0.08254   0.01684   0.00557   0.00023   0.00009   0.00005   0.00018   0.00037
   0.07895   0.01605   0.00513   0.00022   0.00009   0.00005   0.00017   0.00034
   0.24547   0.05341   0.06540   0.00038   0.00008   0.00002   0.00041   0.00104
   0.21484   0.04613   0.04738   0.00037   0.00011   0.00003   0.00038   0.00091
   0.19096   0.04052   0.03573   0.00034   0.00011   0.00002   0.00034   0.00081
   0.17173   0.03609   0.02782   0.00031   0.00012   0.00003   0.00031   0.00071
   0.15588   0.03246   0.02222   0.00028   0.00012   0.00002   0.00028   0.00062
   0.14246   0.02944   0.01811   0.00026   0.00012   0.00003   0.00026   0.00056
   0.13105   0.02688   0.01501   0.00025   0.00011   0.00005   0.00024   0.00051
   0.12120   0.02469   0.01264   0.00022   0.00011   0.00004   0.00023   0.00046
   0.11260   0.02281   0.01079   0.00020   0.00010   0.00004   0.00020   0.00042
   0.10504   0.02115   0.00932   0.00020   0.00010   0.00005   0.00019   0.00039
   0.09835   0.01970   0.00812   0.00019   0.00009   0.00004   0.00018   0.00035
   0.09238   0.01841   0.00715   0.00018   0.00009   0.00004   0.00016   0.00033
   0.08704   0.01726   0.00635   0.00016   0.00009   0.00004   0.00015   0.00031
   0.08224   0.01623   0.00568   0.00015   0.00008   0.00004   0.00015   0.00028
   0.07786   0.01531   0.00512   0.00015   0.00007   0.00004   0.00014   0.00027
   0.07389   0.01448   0.00463   0.00014   0.00007   0.00004   0.00013   0.00025
   0.07028   0.01372   0.00422   0.00013   0.00007   0.00003   0.00012   0.00024
   0.06696   0.01302   0.00386   0.00013   0.00006   0.00003   0.00011   0.00022
   0.06389   0.01238   0.00355   0.00013   0.00006   0.00003   0.00010   0.00020
   0.21004   0.04347   0.04998   0.00021   0.00006   0.00003   0.00026   0.00064
   0.18248   0.03727   0.03561   0.00020   0.00009   0.00003   0.00024   0.00054
   0.16110   0.03253   0.02648   0.00019   0.00008   0.00003   0.00022   0.00049
   0.14407   0.02879   0.02039   0.00016   0.00009   0.00002   0.00020   0.00042
   0.13004   0.02577   0.01611   0.00017   0.00009   0.00003   0.00018   0.00037
   0.11829   0.02325   0.01301   0.00016   0.00008   0.00003   0.00017   0.00034
   0.10833   0.02115   0.01071   0.00013   0.00008   0.00004   0.00015   0.00031
   0.09977   0.01935   0.00896   0.00013   0.00008   0.00004   0.00014   0.00028
   0.09231   0.01780   0.00760   0.00013   0.00007   0.00004   0.00013   0.00026
   0.08581   0.01646   0.00652   0.00012   0.00006   0.00003   0.00012   0.00024
   0.08008   0.01527   0.00566   0.00011   0.00006   0.00004   0.00011   0.00022
   0.07498   0.01423   0.00497   0.00010   0.00006   0.00004   0.00010   0.00020
   0.07044   0.01331   0.00439   0.00010   0.00006   0.00004   0.00010   0.00018
   0.06637   0.01248   0.00392   0.00009   0.00005   0.00003   0.00009   0.00016
   0.06266   0.01174   0.00351   0.00008   0.00005   0.00003   0.00008   0.00016
   0.05932   0.01106   0.00317   0.00007   0.00005   0.00003   0.00008   0.00016
   0.05626   0.01046   0.00288   0.00008   0.00005   0.00003   0.00008   0.00014
   0.05348   0.00991   0.00263   0.00007   0.00005   0.00003   0.00007   0.00013
   0.05093   0.00940   0.00241   0.00007   0.00004   0.00003   0.00007   0.00012
   0.17740   0.03492   0.03761   0.00014   0.00002   0.00000   0.00015   0.00038
   0.15291   0.02970   0.02636   0.00012   0.00004   0.00000   0.00013   0.00034
   0.13408   0.02578   0.01935   0.00014   0.00004  -0.00001   0.00011   0.00028
   0.11920   0.02269   0.01472   0.00012   0.00004   0.00000   0.00010   0.00025
   0.10703   0.02021   0.01152   0.00012   0.00005   0.00000   0.00010   0.00023
   0.09690   0.01815   0.00922   0.00010   0.00004   0.00001   0.00009   0.00021
   0.08836   0.01643   0.00754   0.00008   0.00004   0.00002   0.00009   0.00019
   0.08103   0.01498   0.00626   0.00008   0.00004   0.00002   0.00008   0.00016
   0.07470   0.01372   0.00528   0.00008   0.00004   0.00001   0.00007   0.00015
   0.06920   0.01264   0.00451   0.00007   0.00004   0.00001   0.00007   0.00014
   0.06434   0.01170   0.00390   0.00007   0.00003   0.00002   0.00006   0.00013
   0.06005   0.01087   0.00341   0.00007   0.00003   0.00001   0.00005   0.00012
   0.05625   0.01013   0.00300   0.00006   0.00003   0.00001   0.00005   0.00010
   0.05283   0.00948   0.00267   0.00006   0.00003   0.00001   0.00005   0.00009
   0.04976   0.00889   0.00239   0.00006   0.00002   0.00001   0.00005   0.00009
   0.04698   0.00836   0.00215   0.00005   0.00002   0.00001   0.00004   0.00008
   0.04446   0.00788   0.00195   0.00005   0.00002   0.00001   0.00004   0.00008
   0.04215   0.00745   0.00177   0.00005   0.00002   0.00001   0.00004   0.00007
   0.04005   0.00705   0.00162   0.00004   0.00002   0.00001   0.00003   0.00007
   0.14715   0.02747   0.02762   0.00005   0.00004   0.00004   0.00010   0.00021
   0.12585   0.02319   0.01904   0.00005   0.00004   0.00002   0.00009   0.00019
   0.10964   0.01999   0.01378   0.00005   0.00003   0.00002   0.00008   0.00017
   0.09684   0.01749   0.01036   0.00005   0.00003   0.00002   0.00007   0.00014
   0.08648   0.01549   0.00803   0.00005   0.00004   0.00002   0.00007   0.00012
   0.07788   0.01386   0.00637   0.00005   0.00003   0.00001   0.00005   0.00010
   0.07067   0.01248   0.00516   0.00005   0.00003   0.00002   0.00005   0.00010
   0.06453   0.01133   0.00426   0.00005   0.00003   0.00002   0.00005   0.00009
   0.05926   0.01034   0.00357   0.00005   0.00003   0.00002   0.00004   0.00008
   0.05467   0.00949   0.00303   0.00004   0.00002   0.00002   0.00004   0.00007
   0.05067   0.00875   0.00261   0.00004   0.00002   0.00001   0.00004   0.00006
   0.04714   0.00810   0.00227   0.00003   0.00002   0.00001   0.00004   0.00006
   0.04401   0.00753   0.00199   0.00003   0.00002   0.00001   0.00003   0.00005
   0.04121   0.00702   0.00177   0.00002   0.00002   0.00001   0.00003   0.00006
   0.03869   0.00657   0.00157   0.00003   0.00002   0.00001   0.00003   0.00005
   0.03643   0.00616   0.00141   0.00003   0.00002   0.00001   0.00003   0.00004
   0.03439   0.00580   0.00128   0.00002   0.00002   0.00001   0.00003   0.00004
   0.03253   0.00546   0.00116   0.00002   0.00002   0.00001   0.00002   0.00004
   0.03083   0.00516   0.00106   0.00002   0.00002   0.00001   0.00002   0.00004
   0.09618   0.01613   0.01396   0.00001   0.00001   0.00000   0.00003   0.00007
   0.08088   0.01340   0.00929   0.00001   0.00001   0.00000   0.00003   0.00006
   0.06943   0.01138   0.00653   0.00002   0.00001   0.00000   0.00002   0.00005
   0.06056   0.00984   0.00479   0.00002   0.00001   0.00000   0.00002   0.00004
   0.05345   0.00861   0.00364   0.00001   0.00001   0.00000   0.00002   0.00003
   0.04763   0.00762   0.00283   0.00001   0.00001   0.00000   0.00002   0.00003
   0.04280   0.00680   0.00226   0.00002   0.00001   0.00000   0.00002   0.00002
   0.03873   0.00612   0.00185   0.00002   0.00001   0.00000   0.00001   0.00002
   0.03526   0.00554   0.00153   0.00001   0.00001   0.00001   0.00001   0.00002
   0.03227   0.00504   0.00129   0.00002   0.00001   0.00000   0.00001   0.00002
   0.02970   0.00462   0.00110   0.00001   0.00001   0.00000   0.00001   0.00002
   0.02743   0.00424   0.00095   0.00000   0.00001   0.00000   0.00001   0.00002
   0.02543   0.00392   0.00082   0.00001   0.00001   0.00000   0.00001   0.00002
   0.02367   0.00363   0.00073   0.00001   0.00001   0.00000   0.00001   0.00001
   0.02209   0.00338   0.00064   0.00001   0.00001   0.00000   0.00001   0.00001
   0.02069   0.00315   0.00058   0.00001   0.00001   0.00000   0.00001   0.00001
   0.01941   0.00295   0.00052   0.00001   0.00001   0.00000   0.00001   0.00001
   0.01826   0.00277   0.00047   0.00001   0.00001   0.00000   0.00001   0.00001
   0.01722   0.00260   0.00043   0.00001   0.00001   0.00000   0.00001   0.00001
   0.05747   0.00859   0.00626   0.00001   0.00000   0.00000   0.00000   0.00001
   0.04747   0.00701   0.00402   0.00001   0.00000   0.00000   0.00000   0.00001
   0.04012   0.00586   0.00274   0.00001   0.00000   0.00000   0.00001   0.00001
   0.03451   0.00500   0.00196   0.00000   0.00000   0.00000   0.00000   0.00001
   0.03008   0.00432   0.00146   0.00000   0.00000   0.00000   0.00000   0.00001
   0.02650   0.00378   0.00112   0.00001   0.00000   0.00000   0.00001   0.00000
   0.02356   0.00334   0.00088   0.00000   0.00000   0.00000   0.00000   0.00000
   0.02111   0.00298   0.00071   0.00000   0.00000   0.00000   0.00000   0.00001
   0.01905   0.00267   0.00058   0.00000   0.00000   0.00000   0.00000   0.00000
   0.01729   0.00241   0.00048   0.00000   0.00000   0.00000   0.00000   0.00000
   0.01577   0.00219   0.00041   0.00000   0.00000   0.00000   0.00000   0.00000
   0.01446   0.00200   0.00035   0.00000   0.00000   0.00000   0.00000   0.00000
   0.01331   0.00183   0.00030   0.00000   0.00000   0.00000   0.00000   0.00000
   0.01230   0.00169   0.00027   0.00000   0.00000   0.00000   0.00000   0.00000
   0.01141   0.00156   0.00023   0.00000   0.00000   0.00000   0.00000   0.00000
   0.01061   0.00145   0.00021   0.00000   0.00000   0.00000   0.00000   0.00000
   0.00990   0.00135   0.00019   0.00000   0.00000   0.00000   0.00000   0.00000
   0.00926   0.00125   0.00017   0.00000   0.00000   0.00000   0.00000   0.00000
   0.00869   0.00117   0.00015   0.00000   0.00000   0.00000   0.00000   0.00000
   0.03053   0.00401   0.00239   0.00001   0.00000   0.00000   0.00000   0.00000
   0.02471   0.00321   0.00148   0.00000   0.00000   0.00000   0.00000   0.00000
   0.02052   0.00264   0.00098   0.00000   0.00000   0.00000   0.00000   0.00000
   0.01737   0.00222   0.00068   0.00000   0.00000   0.00000   0.00000   0.00000
   0.01494   0.00189   0.00050   0.00000   0.00000   0.00000   0.00000   0.00000
   0.01299   0.00164   0.00037   0.00000   0.00000   0.00000   0.00000   0.00000
   0.01141   0.00143   0.00029   0.00000   0.00000   0.00000   0.00000   0.00000
   0.01011   0.00126   0.00023   0.00000   0.00000   0.00000   0.00000   0.00000
   0.00903   0.00112   0.00019   0.00000   0.00000   0.00000   0.00000   0.00000
   0.00812   0.00100   0.00015   0.00000   0.00000   0.00000   0.00000   0.00000
   0.00734   0.00090   0.00013   0.00000   0.00000   0.00000   0.00000   0.00000
   0.00667   0.00082   0.00011   0.00000   0.00000   0.00000   0.00000   0.00000
   0.00609   0.00074   0.00009   0.00000   0.00000   0.00000   0.00000   0.00000
   0.00559   0.00068   0.00008   0.00000   0.00000   0.00000   0.00000   0.00000
   0.00514   0.00062   0.00007   0.00000   0.00000   0.00000   0.00000   0.00000
   0.00475   0.00057   0.00006   0.00000   0.00000   0.00000   0.00000   0.00000
   0.00440   0.00053   0.00006   0.00000   0.00000   0.00000   0.00000   0.00000
   0.00409   0.00049   0.00005   0.00000   0.00000   0.00000   0.00000   0.00000
   0.00382   0.00046   0.00005   0.00000   0.00000   0.00000   0.00000   0.00000
   0.01364   0.00154   0.00072   0.00000   0.00000   0.00000   0.00000   0.00000
   0.01079   0.00121   0.00043   0.00000   0.00000   0.00000   0.00000   0.00000
   0.00878   0.00098   0.00027   0.00000   0.00000   0.00000   0.00000   0.00000
   0.00731   0.00081   0.00019   0.00000   0.00000   0.00000   0.00000   0.00000
   0.00618   0.00068   0.00013   0.00000   0.00000   0.00000   0.00000   0.00000
   0.00529   0.00058   0.00010   0.00000   0.00000   0.00000   0.00000   0.00000
   0.00459   0.00050   0.00007   0.00000   0.00000   0.00000   0.00000   0.00000
   0.00401   0.00043   0.00006   0.00000   0.00000   0.00000   0.00000   0.00000
   0.00354   0.00038   0.00005   0.00000   0.00000   0.00000   0.00000   0.00000
   0.00315   0.00034   0.00004   0.00000   0.00000   0.00000   0.00000   0.00000
   0.00282   0.00030   0.00003   0.00000   0.00000   0.00000   0.00000   0.00000
   0.00254   0.00027   0.00003   0.00000   0.00000   0.00000   0.00000   0.00000
   0.00229   0.00024   0.00002   0.00000   0.00000   0.00000   0.00000   0.00000
   0.00209   0.00022   0.00002   0.00000   0.00000   0.00000   0.00000   0.00000
   0.00190   0.00020   0.00002   0.00000   0.00000   0.00000   0.00000   0.00000
   0.00174   0.00018   0.00002   0.00000   0.00000   0.00000   0.00000   0.00000
   0.00160   0.00017   0.00001   0.00000   0.00000   0.00000   0.00000   0.00000
   0.00148   0.00015   0.00001   0.00000   0.00000   0.00000   0.00000   0.00000
   0.00137   0.00014   0.00001   0.00000   0.00000   0.00000   0.00000   0.00000
   0.00101   0.00008   0.00002   0.00000   0.00000   0.00000   0.00000   0.00000
   0.00075   0.00006   0.00001   0.00000   0.00000   0.00000   0.00000   0.00000
   0.00057   0.00004   0.00001   0.00000   0.00000   0.00000   0.00000   0.00000
   0.00045   0.00003   0.00000   0.00000   0.00000   0.00000   0.00000   0.00000
   0.00037   0.00003   0.00000   0.00000   0.00000   0.00000   0.00000   0.00000
   0.00030   0.00002   0.00000   0.00000   0.00000   0.00000   0.00000   0.00000
   0.00025   0.00002   0.00000   0.00000   0.00000   0.00000   0.00000   0.00000
   0.00021   0.00002   0.00000   0.00000   0.00000   0.00000   0.00000   0.00000
   0.00018   0.00001   0.00000   0.00000   0.00000   0.00000   0.00000   0.00000
   0.00015   0.00001   0.00000   0.00000   0.00000   0.00000   0.00000   0.00000
   0.00013   0.00001   0.00000   0.00000   0.00000   0.00000   0.00000   0.00000
   0.00012   0.00001   0.00000   0.00000   0.00000   0.00000   0.00000   0.00000
   0.00010   0.00001   0.00000   0.00000   0.00000   0.00000   0.00000   0.00000
   0.00009   0.00001   0.00000   0.00000   0.00000   0.00000   0.00000   0.00000
   0.00008   0.00001   0.00000   0.00000   0.00000   0.00000   0.00000   0.00000
   0.00007   0.00001   0.00000   0.00000   0.00000   0.00000   0.00000   0.00000
   0.00006   0.00001   0.00000   0.00000   0.00000   0.00000   0.00000   0.00000
   0.00006   0.00001   0.00000   0.00000   0.00000   0.00000   0.00000   0.00000
   0.00005   0.00001   0.00000   0.00000   0.00000   0.00000   0.00000   0.00000

