   0.00145   0.00341   8.97173   0.70631   0.15951   0.00000   0.42112   0.70932
   0.00195   0.00370  21.90480   1.19723   0.65448   0.00000   0.91481   1.20088
   0.00241   0.00397  39.05281   1.80629   1.26685   0.00000   1.52615   1.81047
   0.00282   0.00421  59.39211   2.50449   1.96787   0.15991   2.22633   2.50914
   0.00321   0.00445  82.46889   3.28433   2.75020   0.99243   3.00792   3.28941
   0.00358   0.00467 107.99681   4.13912   3.60721   1.87580   3.86428   4.14459
   0.00393   0.00488 135.18617   5.04914   4.51927   2.81308   4.77575   5.05498
   0.00427   0.00508 163.95160   6.01197   5.48396   3.80070   5.73991   6.01815
   0.00460   0.00528 193.94818   7.01879   6.49250   4.83005   6.74796   7.02529
   0.00491   0.00546 224.90520   8.06265   7.53796   5.89456   7.79297   8.06945
   0.00521   0.00564 256.61942   9.13814   8.61496   6.98912   8.86953   9.14523
   0.00551   0.00582 288.94693  10.24123   9.71946   8.10991   9.97364  10.24859
   0.00579   0.00599 321.78876  11.36910  10.84867   9.25427  11.10246  11.37672
   0.00607   0.00615 354.90732  12.51540  11.99624  10.41604  12.24968  12.52328
   0.00634   0.00632 388.08878  13.67410  13.15614  11.58928  13.40924  13.68221
   0.00660   0.00647 421.57944  14.85103  14.33423  12.77993  14.58700  14.85938
   0.00686   0.00662 455.24307  16.04232  15.52661  13.98418  15.77907  16.05088
   0.00711   0.00677 488.59973  17.23502  16.72036  15.18921  16.97252  17.24380
   0.00735   0.00692 522.26788  18.44496  17.93132  16.41086  18.18320  18.45395
   0.00253   0.00457   8.25009   0.66508   0.14168   0.00000   0.39140   0.66804
   0.00326   0.00499  18.93998   1.07771   0.55863   0.00000   0.80673   1.08113
   0.00392   0.00537  32.49142   1.57101   1.05546   0.00000   1.30225   1.57482
   0.00451   0.00573  48.05289   2.12156   1.60902   0.12561   1.85471   2.12572
   0.00507   0.00606  65.26363   2.72355   2.21366   0.77230   2.45838   2.72802
   0.00560   0.00637  83.90363   3.37180   2.86427   1.44583   3.10814   3.37654
   0.00611   0.00666 103.39499   4.05152   3.54615   2.14950   3.78924   4.05653
   0.00659   0.00694 123.69079   4.76120   4.25780   2.88091   4.50019   4.76645
   0.00705   0.00721 144.55658   5.49457   4.99299   3.63404   5.23473   5.50005
   0.00749   0.00747 165.81564   6.24685   5.74697   4.40443   5.98810   6.25254
   0.00792   0.00772 187.34157   7.01443   6.51614   5.18873   6.75670   7.02033
   0.00833   0.00796 209.04994   7.79474   7.29795   5.98455   7.53797   7.80083
   0.00873   0.00819 230.88733   8.58605   8.09067   6.79032   8.33020   8.59233
   0.00911   0.00842 252.70547   9.38414   8.89010   7.60195   9.12914   9.39059
   0.00949   0.00864 274.37265  10.18504   9.69227   8.41560   9.93087  10.19166
   0.00986   0.00885 296.07019  10.99321  10.50165   9.23578  10.73981  10.99999
   0.01021   0.00906 317.71695  11.80612  11.31571  10.06005  11.55346  11.81306
   0.01056   0.00926 339.00198  12.61497  12.12568  10.87969  12.36303  12.62206
   0.01090   0.00945 360.35056  13.43110  12.94287  11.70607  13.17984  13.43833
   0.00425   0.00612   7.58296   0.62588   0.12529   0.00000   0.36358   0.62886
   0.00531   0.00673  16.36875   0.97032   0.47435   0.00000   0.71070   0.97364
   0.00626   0.00728  27.01918   1.36734   0.87515   0.00000   1.10992   1.37093
   0.00712   0.00779  38.85864   1.79884   1.30987   0.09816   1.54331   1.80268
   0.00793   0.00825  51.62027   2.26079   1.77464   0.59813   2.00691   2.26485
   0.00868   0.00869  65.14942   2.74950   2.26589   1.10921   2.49711   2.75377
   0.00940   0.00910  79.03492   3.25422   2.77291   1.63498   3.00319   3.25867
   0.01008   0.00949  93.26187   3.77421   3.29501   2.17406   3.52441   3.77883
   0.01073   0.00987 107.67826   4.30521   3.82795   2.72240   4.05656   4.30999
   0.01136   0.01022 122.17532   4.84408   4.36863   3.27718   4.59649   4.84901
   0.01196   0.01057 136.67989   5.38855   4.91480   3.83633   5.14197   5.39363
   0.01253   0.01090 151.14815   5.93711   5.46495   4.39850   5.69146   5.94232
   0.01309   0.01121 165.55626   6.48881   6.01815   4.96289   6.24405   6.49415
   0.01363   0.01152 179.81464   7.04092   6.57169   5.52689   6.79699   7.04638
   0.01416   0.01182 193.84564   7.59092   7.12304   6.08807   7.34779   7.59650
   0.01466   0.01210 207.78363   8.14221   7.67561   6.64989   7.89983   8.14790
   0.01516   0.01238 221.58186   8.69324   8.22787   7.21089   8.45158   8.69904
   0.01564   0.01265 235.04161   9.23805   8.77387   7.76517   8.99709   9.24396
   0.01611   0.01292 248.45462   9.78478   9.32173   8.32089   9.54449   9.79079
   0.00568   0.00726   7.21520   0.60375   0.11633   0.00000   0.34810   0.60680
   0.00700   0.00803  15.02376   0.91246   0.42986   0.00000   0.65953   0.91580
   0.00818   0.00871  24.24597   1.26089   0.78224   0.00000   1.01018   1.26446
   0.00925   0.00932  34.30429   1.63382   1.15852   0.08475   1.38500   1.63760
   0.01024   0.00989  44.98284   2.02818   1.55583   0.51372   1.78103   2.03215
   0.01118   0.01042  56.16156   2.44110   1.97140   0.94748   2.19544   2.44523
   0.01206   0.01093  67.50828   2.86377   2.39646   1.38969   2.61947   2.86805
   0.01289   0.01140  79.02312   3.29583   2.83072   1.83946   3.05277   3.30026
   0.01369   0.01185  90.59126   3.73396   3.27089   2.29369   3.49206   3.73852
   0.01445   0.01228 102.13345   4.17579   3.71461   2.75028   3.93495   4.18048
   0.01518   0.01270 113.59947   4.61964   4.16023   3.20775   4.37981   4.62445
   0.01589   0.01309 124.96193   5.06446   4.60670   3.66519   4.82556   5.06938
   0.01657   0.01347 136.20905   5.50964   5.05345   4.12214   5.27162   5.51466
   0.01722   0.01384 147.27547   5.95310   5.49839   4.57663   5.71592   5.95823
   0.01785   0.01419 158.10556   6.39294   5.93965   5.02684   6.15656   6.39817
   0.01847   0.01454 168.81200   6.83207   6.38012   5.47575   6.59645   6.83739
   0.01907   0.01487 179.36188   7.26935   6.81867   5.92226   7.03445   7.27475
   0.01964   0.01519 189.60268   7.70007   7.25063   6.36177   7.46586   7.70556
   0.02021   0.01551 199.76869   8.13091   7.68264   6.80094   7.89736   8.13649
   0.00694   0.00820   6.96326   0.58834   0.11023   0.00000   0.33745   0.59148
   0.00849   0.00910  14.13319   0.87340   0.40027   0.00000   0.62526   0.87680
   0.00987   0.00989  22.44636   1.19043   0.72137   0.00000   0.94454   1.19404
   0.01111   0.01060  31.39114   1.52610   1.06050   0.07625   1.28213   1.52990
   0.01227   0.01125  40.78522   1.87798   1.41544   0.46054   1.63570   1.88195
   0.01335   0.01187  50.53088   2.24373   1.78392   0.84613   2.00296   2.24785
   0.01437   0.01244  60.34471   2.61576   2.15843   1.23670   2.37636   2.62002
   0.01533   0.01299  70.23557   2.99395   2.53889   1.63170   2.75580   2.99834
   0.01625   0.01350  80.11086   3.37555   2.92259   2.02857   3.13856   3.38006
   0.01713   0.01399  89.90868   3.75863   3.30762   2.42566   3.52272   3.76325
   0.01797   0.01446  99.59186   4.14189   3.69271   2.82183   3.90699   4.14662
   0.01878   0.01491 109.14227   4.52452   4.07705   3.21645   4.29057   4.52935
   0.01956   0.01535 118.55435   4.90613   4.46028   3.60923   4.67307   4.91106
   0.02031   0.01576 127.77693   5.28501   4.84069   3.99857   5.05280   5.29003
   0.02103   0.01617 136.76628   5.65962   5.21676   4.38303   5.42821   5.66473
   0.02174   0.01656 145.62187   6.03257   5.59110   4.76525   5.80193   6.03777
   0.02242   0.01693 154.31879   6.40295   5.96279   5.14439   6.17303   6.40822
   0.02308   0.01730 162.73064   6.76678   6.32789   5.51656   6.53756   6.77213
   0.02372   0.01765 171.05791   7.12987   6.69220   5.88756   6.90132   7.13530
   0.00810   0.00902   6.77247   0.57652   0.10565   0.00000   0.32936   0.57977
   0.00985   0.01003  13.47605   0.84415   0.37838   0.00000   0.59977   0.84764
   0.01140   0.01091  21.13824   1.13844   0.67685   0.00000   0.89634   1.14213
   0.01280   0.01171  29.29614   1.44744   0.98941   0.07019   1.20729   1.45131
   0.01409   0.01244  37.79176   1.76920   1.31429   0.42275   1.53075   1.77322
   0.01531   0.01312  46.54340   2.10173   1.64963   0.77438   1.86482   2.10590
   0.01645   0.01376  55.30159   2.43832   1.98877   1.12879   2.20280   2.44262
   0.01752   0.01437  64.08105   2.77901   2.33179   1.48562   2.54476   2.78343
   0.01855   0.01494  72.80413   3.12144   2.67638   1.84273   2.88836   3.12597
   0.01953   0.01548  81.42059   3.46399   3.02094   2.19873   3.23201   3.46864
   0.02047   0.01600  89.90174   3.80560   3.36442   2.55275   3.57464   3.81035
   0.02137   0.01650  98.23544   4.14564   3.70622   2.90430   3.91564   4.15049
   0.02223   0.01698 106.42037   4.48385   4.04609   3.25324   4.25475   4.48878
   0.02307   0.01744 114.41388   4.81877   4.38258   3.59822   4.59053   4.82379
   0.02387   0.01789 122.18080   5.14911   4.71442   3.93801   4.92168   5.15422
   0.02465   0.01831 129.81091   5.47726   5.04399   4.27506   5.25060   5.48244
   0.02541   0.01873 137.28435   5.80244   5.37053   4.60867   5.57653   5.80770
   0.02614   0.01913 144.49228   6.12121   5.69060   4.93544   5.89600   6.12654
   0.02685   0.01952 151.61221   6.43875   6.00939   5.26058   6.21422   6.44416
   0.01291   0.01216   6.20156   0.54036   0.09215   0.00000   0.30504   0.54410
   0.01547   0.01360  11.60259   0.75851   0.31588   0.00000   0.52618   0.76249
   0.01772   0.01486  17.50877   0.99023   0.55217   0.00000   0.76035   0.99442
   0.01973   0.01598  23.59314   1.22739   0.79322   0.05395   0.99958   1.23175
   0.02158   0.01701  29.76331   1.46923   1.03850   0.32220   1.24326   1.47376
   0.02331   0.01796  35.97956   1.71481   1.28715   0.58480   1.49048   1.71948
   0.02492   0.01885  42.07872   1.95960   1.53473   0.84539   1.73676   1.96441
   0.02645   0.01969  48.08881   2.20404   1.78174   1.10413   1.98256   2.20898
   0.02789   0.02048  53.96851   2.44676   2.02682   1.35985   2.22655   2.45182
   0.02926   0.02123  59.69471   2.68691   2.26916   1.61191   2.46786   2.69207
   0.03056   0.02194  65.25824   2.92397   2.50829   1.85998   2.70602   2.92924
   0.03181   0.02262  70.65990   3.15776   2.74400   2.10397   2.94083   3.16313
   0.03301   0.02327  75.90666   3.38828   2.97635   2.34400   3.17232   3.39374
   0.03416   0.02389  80.97660   3.61471   3.20450   2.57934   3.39967   3.62026
   0.03527   0.02449  85.85220   3.83630   3.42773   2.80931   3.62213   3.84194
   0.03634   0.02507  90.59946   4.05488   3.64788   3.03580   3.84154   4.06060
   0.03737   0.02562  95.20920   4.27005   3.86454   3.25844   4.05751   4.27586
   0.03837   0.02616  99.61356   4.47953   4.07544   3.47501   4.26774   4.48541
   0.03934   0.02668 103.93369   4.68703   4.28430   3.68924   4.47596   4.69298
   0.02034   0.01652   5.65225   0.50432   0.07968   0.00000   0.28159   0.50893
   0.02407   0.01858   9.94245   0.67927   0.26081   0.00000   0.45986   0.68419
   0.02731   0.02036  14.43102   0.85896   0.44558   0.00000   0.64228   0.86416
   0.03020   0.02193  18.90255   1.03828   0.62923   0.04100   0.82392   1.04372
   0.03283   0.02337  23.31495   1.21738   0.81214   0.24288   1.00506   1.22303
   0.03527   0.02469  27.65916   1.39603   0.99422   0.43682   1.18555   1.40189
   0.03754   0.02592  31.83426   1.57138   1.17267   0.62626   1.36256   1.57741
   0.03967   0.02707  35.87514   1.74408   1.34822   0.81172   1.53678   1.75028
   0.04168   0.02815  39.76421   1.91344   1.52022   0.99269   1.70755   1.91980
   0.04358   0.02917  43.49528   2.07912   1.68834   1.16900   1.87453   2.08562
   0.04538   0.03013  47.07044   2.24097   1.85248   1.34068   2.03761   2.24761
   0.04710   0.03105  50.49731   2.39905   2.01271   1.50787   2.19683   2.40582
   0.04875   0.03193  53.78654   2.55353   2.16922   1.67085   2.35240   2.56043
   0.05032   0.03277  56.92845   2.70399   2.32159   1.82927   2.50388   2.71100
   0.05183   0.03357  59.91586   2.85003   2.46945   1.98279   2.65089   2.85716
   0.05328   0.03434  62.79673   2.99304   2.61419   2.13286   2.79482   3.00028
   0.05469   0.03509  65.56800   3.13284   2.75565   2.27934   2.93551   3.14018
   0.05603   0.03580  68.18784   3.26795   2.89234   2.42079   3.07146   3.27539
   0.05734   0.03649  70.73832   3.40100   3.02691   2.55987   3.20532   3.40854
   0.02643   0.01989   5.33300   0.48281   0.07281   0.00000   0.26801   0.48814
   0.03106   0.02241   9.04815   0.63501   0.23161   0.00000   0.42379   0.64074
   0.03507   0.02459  12.83521   0.78836   0.39040   0.00000   0.58009   0.79443
   0.03861   0.02650  16.53288   0.93916   0.54584   0.03467   0.73340   0.94553
   0.04183   0.02824  20.12173   1.08794   0.69870   0.20442   0.88439   1.09458
   0.04481   0.02984  23.60596   1.23480   0.84922   0.36568   1.03323   1.24168
   0.04756   0.03131  26.91204   1.37760   0.99535   0.52172   1.17782   1.38471
   0.05014   0.03269  30.07650   1.51709   1.13789   0.67320   1.31896   1.52441
   0.05256   0.03398  33.09121   1.65286   1.27648   0.81988   1.45626   1.66038
   0.05484   0.03520  35.95637   1.78477   1.41100   0.96178   1.58958   1.79247
   0.05701   0.03635  38.67790   1.91282   1.54149   1.09906   1.71894   1.92069
   0.05907   0.03744  41.26545   2.03715   1.66812   1.23195   1.84451   2.04518
   0.06103   0.03848  43.73038   2.15798   1.79113   1.36078   1.96652   2.16618
   0.06291   0.03947  46.06755   2.27506   1.91025   1.48534   2.08470   2.28340
   0.06470   0.04041  48.27351   2.38812   2.02526   1.60544   2.19882   2.39661
   0.06643   0.04132  50.38773   2.49835   2.13734   1.72231   2.31004   2.50697
   0.06809   0.04220  52.40919   2.60564   2.24639   1.83587   2.41828   2.61439
   0.06969   0.04303  54.30672   2.70886   2.35130   1.94505   2.52241   2.71773
   0.07123   0.04384  56.14520   2.81013   2.45420   2.05200   2.62456   2.81912
   0.03179   0.02279   5.10358   0.46712   0.06809   0.00000   0.25829   0.47305
   0.03718   0.02571   8.43961   0.60419   0.21210   0.00000   0.39915   0.61059
   0.04182   0.02821  11.77731   0.74043   0.35407   0.00000   0.53852   0.74725
   0.04591   0.03040  14.98898   0.87302   0.49153   0.03066   0.67377   0.88019
   0.04961   0.03239  18.06856   1.00268   0.62549   0.18012   0.80577   1.01016
   0.05302   0.03421  21.02767   1.12970   0.75636   0.32097   0.93489   1.13747
   0.05617   0.03588  23.80894   1.25238   0.88253   0.45634   1.05948   1.26042
   0.05910   0.03745  26.44914   1.37149   1.00485   0.58694   1.18034   1.37978
   0.06186   0.03891  28.94529   1.48680   1.12312   0.71270   1.29726   1.49532
   0.06445   0.04028  31.30086   1.59826   1.23733   0.83374   1.41022   1.60699
   0.06690   0.04157  33.52361   1.70596   1.34759   0.95029   1.51932   1.71489
   0.06923   0.04280  35.62395   1.81008   1.45412   1.06262   1.62475   1.81920
   0.07145   0.04396  37.61330   1.91087   1.55718   1.17106   1.72677   1.92017
   0.07356   0.04507  39.48883   2.00813   1.65660   1.27551   1.82521   2.01761
   0.07558   0.04613  41.24903   2.10172   1.75222   1.37584   1.91991   2.11136
   0.07752   0.04715  42.92804   2.19266   1.84510   1.47314   2.01190   2.20245
   0.07938   0.04812  44.52591   2.28088   1.93518   1.56739   2.10114   2.29082
   0.08117   0.04905  46.01746   2.36547   2.02154   1.65769   2.18669   2.37555
   0.08290   0.04995  47.45732   2.44825   2.10601   1.74591   2.27039   2.45847
   0.03673   0.02553   4.91482   0.45426   0.06446   0.00000   0.25036   0.46060
   0.04275   0.02879   7.96518   0.57999   0.19742   0.00000   0.38003   0.58685
   0.04793   0.03157  10.97152   0.70361   0.32698   0.00000   0.50690   0.71092
   0.05247   0.03401  13.83031   0.82289   0.45133   0.02774   0.62895   0.83059
   0.05657   0.03620  16.54461   0.93872   0.57162   0.16250   0.74720   0.94676
   0.06034   0.03821  19.13077   1.05148   0.68838   0.28866   0.86215   1.05984
   0.06381   0.04005  21.54247   1.15980   0.80032   0.40926   0.97244   1.16844
   0.06704   0.04176  23.81627   1.26446   0.90830   0.52502   1.07891   1.27336
   0.07006   0.04336  25.95245   1.36532   1.01223   0.63599   1.18144   1.37448
   0.07291   0.04486  27.95644   1.46242   1.11217   0.74235   1.28009   1.47180
   0.07559   0.04627  29.83712   1.55588   1.20828   0.84436   1.37499   1.56548
   0.07813   0.04761  31.60490   1.64591   1.30080   0.94233   1.46638   1.65571
   0.08055   0.04887  33.27084   1.73277   1.39002   1.03661   1.55453   1.74277
   0.08285   0.05008  34.83403   1.81633   1.47580   1.12710   1.63930   1.82652
   0.08505   0.05122  36.29396   1.89648   1.55805   1.21377   1.72059   1.90684
   0.08716   0.05232  37.68100   1.97414   1.63772   1.29759   1.79934   1.98467
   0.08918   0.05337  38.99577   2.04930   1.71479   1.37857   1.87555   2.05999
   0.09111   0.05438  40.21697   2.12115   1.78846   1.45594   1.94838   2.13198
   0.09299   0.05535  41.39225   2.19130   1.86036   1.53134   2.01949   2.20228
   0.05729   0.03676   4.32079   0.41243   0.05376   0.00000   0.22540   0.42062
   0.06573   0.04131   6.58273   0.50617   0.15570   0.00000   0.32367   0.51510
   0.07288   0.04514   8.70834   0.59533   0.25158   0.00000   0.41654   0.60487
   0.07909   0.04845  10.65358   0.67913   0.34109   0.02000   0.50348   0.68920
   0.08464   0.05139  12.44142   0.75870   0.42566   0.11614   0.58580   0.76923
   0.08969   0.05406  14.09782   0.83465   0.50609   0.20431   0.66422   0.84560
   0.09431   0.05649  15.60198   0.90632   0.58182   0.28712   0.73813   0.91766
   0.09857   0.05873  16.98759   0.97448   0.65368   0.36533   0.80832   0.98617
   0.10254   0.06081  18.26130   1.03922   0.72183   0.43922   0.87494   1.05124
   0.10625   0.06274  19.43187   1.10070   0.78647   0.50908   0.93815   1.11302
   0.10972   0.06455  20.50929   1.15913   0.84784   0.57525   0.99820   1.17173
   0.11300   0.06624  21.50360   1.21476   0.90623   0.63807   1.05535   1.22762
   0.11610   0.06785  22.42455   1.26784   0.96191   0.69785   1.10986   1.28096
   0.11904   0.06936  23.27370   1.31835   1.01488   0.75464   1.16172   1.33171
   0.12182   0.07079  24.05259   1.36629   1.06514   0.80847   1.21094   1.37987
   0.12448   0.07216  24.78187   1.41233   1.11337   0.86006   1.25818   1.42612
   0.12703   0.07346  25.46301   1.45648   1.15963   0.90948   1.30349   1.47048
   0.12945   0.07470  26.08382   1.49827   1.20341   0.95625   1.34637   1.51245
   0.13179   0.07589  26.67465   1.53877   1.24583   1.00150   1.38793   1.55314
   0.08880   0.05423   3.68945   0.36591   0.04378   0.00000   0.19873   0.37669
   0.10026   0.06037   5.29736   0.43225   0.11930   0.00000   0.27018   0.44403
   0.10981   0.06545   6.73290   0.49328   0.18782   0.00000   0.33537   0.50590
   0.11798   0.06977   7.99157   0.54910   0.24995   0.01395   0.39470   0.56242
   0.12520   0.07355   9.10605   0.60085   0.30722   0.08025   0.44950   0.61477
   0.13170   0.07694  10.10534   0.64921   0.36050   0.13975   0.50060   0.66369
   0.13758   0.07999  10.98410   0.69396   0.40968   0.19457   0.54780   0.70892
   0.14296   0.08277  11.77089   0.73576   0.45552   0.24546   0.59183   0.75116
   0.14793   0.08531  12.47468   0.77481   0.49827   0.29278   0.63293   0.79062
   0.15252   0.08766  13.10461   0.81132   0.53821   0.33686   0.67134   0.82750
   0.15681   0.08984  13.66985   0.84551   0.57558   0.37803   0.70729   0.86204
   0.16081   0.09187  14.17889   0.87762   0.61066   0.41661   0.74104   0.89447
   0.16458   0.09376  14.63947   0.90785   0.64369   0.45287   0.77281   0.92500
   0.16812   0.09554  15.05374   0.93626   0.67472   0.48692   0.80267   0.95369
   0.17146   0.09721  15.42384   0.96286   0.70380   0.51882   0.83064   0.98055
   0.17463   0.09879  15.76315   0.98812   0.73141   0.54908   0.85720   1.00606
   0.17764   0.10029  16.07312   1.01209   0.75762   0.57777   0.88240   1.03027
   0.18050   0.10170  16.34717   1.03449   0.78214   0.60464   0.90597   1.05289
   0.18324   0.10305  16.60378   1.05602   0.80571   0.63042   0.92862   1.07463
   0.11432   0.06858   3.30622   0.33623   0.03830  -0.00001   0.18233   0.34918
   0.12775   0.07574   4.59543   0.38872   0.10048  -0.00001   0.24024   0.40286
   0.13882   0.08157   5.70932   0.43609   0.15572  -0.00001   0.29201   0.45121
   0.14819   0.08646   6.65830   0.47869   0.20493   0.01109   0.33830   0.49462
   0.15641   0.09071   7.47751   0.51760   0.24960   0.06346   0.38041   0.53422
   0.16375   0.09448   8.19556   0.55347   0.29059   0.10984   0.41914   0.57071
   0.17033   0.09783   8.81229   0.58623   0.32795   0.15207   0.45445   0.60401
   0.17633   0.10086   9.35310   0.61647   0.36237   0.19084   0.48701   0.63475
   0.18182   0.10362   9.82714   0.64440   0.39413   0.22653   0.51707   0.66313
   0.18687   0.10614  10.24289   0.67024   0.42349   0.25945   0.54486   0.68937
   0.19155   0.10846  10.60831   0.69418   0.45070   0.28993   0.57062   0.71369
   0.19591   0.11061  10.93075   0.71644   0.47602   0.31825   0.59457   0.73629
   0.19998   0.11261  11.21683   0.73721   0.49965   0.34466   0.61692   0.75739
   0.20379   0.11447  11.46870   0.75655   0.52166   0.36926   0.63774   0.77701
   0.20737   0.11620  11.68827   0.77447   0.54212   0.39213   0.65706   0.79521
   0.21075   0.11783  11.88582   0.79136   0.56141   0.41368   0.67528   0.81236
   0.21395   0.11937  12.06263   0.80726   0.57958   0.43399   0.69243   0.82850
   0.21696   0.12081  12.21381   0.82196   0.59644   0.45285   0.70832   0.84343
   0.21985   0.12218  12.35318   0.83601   0.61255   0.47086   0.72351   0.85769
   0.13644   0.08120   3.02896   0.31396   0.03459  -0.00001   0.17029   0.32885
   0.15130   0.08904   4.12006   0.35763   0.08824  -0.00001   0.21956   0.37385
   0.16343   0.09535   5.03905   0.39650   0.13518  -0.00001   0.26295   0.41379
   0.17363   0.10059   5.80427   0.43102   0.17646   0.00933   0.30125   0.44919
   0.18249   0.10510   6.45123   0.46219   0.21350   0.05321   0.33570   0.48110
   0.19037   0.10907   7.00779   0.49061   0.24714   0.09167   0.36704   0.51019
   0.19738   0.11257   7.47629   0.51630   0.27750   0.12638   0.39532   0.53645
   0.20373   0.11571   7.87978   0.53980   0.30523   0.15800   0.42117   0.56046
   0.20952   0.11854   8.22705   0.56129   0.33059   0.18687   0.44482   0.58242
   0.21481   0.12112   8.52597   0.58100   0.35386   0.21331   0.46650   0.60254
   0.21970   0.12348   8.78374   0.59910   0.37526   0.23762   0.48643   0.62102
   0.22422   0.12565   9.00682   0.61579   0.39502   0.26006   0.50483   0.63806
   0.22843   0.12765   9.20088   0.63124   0.41335   0.28086   0.52187   0.65384
   0.23235   0.12951   9.36795   0.64550   0.43031   0.30011   0.53762   0.66839
   0.23601   0.13122   9.50977   0.65861   0.44595   0.31790   0.55213   0.68177
   0.23946   0.13283   9.63474   0.67088   0.46062   0.33458   0.56572   0.69429
   0.24272   0.13434   9.74396   0.68234   0.47436   0.35021   0.57844   0.70599
   0.24577   0.13574   9.83363   0.69284   0.48701   0.36464   0.59012   0.71671
   0.24868   0.13707   9.91472   0.70281   0.49905   0.37836   0.60123   0.72689
   0.15628   0.09260   2.81322   0.29605   0.03183   0.00000   0.16078   0.31276
   0.17222   0.10091   3.76659   0.33348   0.07940   0.00000   0.20392   0.35161
   0.18513   0.10753   4.55235   0.36642   0.12052   0.00000   0.24146   0.38569
   0.19590   0.11298   5.19380   0.39538   0.15632   0.00812   0.27425   0.41557
   0.20520   0.11762   5.72621   0.42126   0.18813   0.04613   0.30344   0.44223
   0.21341   0.12168   6.17672   0.44467   0.21679   0.07920   0.32979   0.46632
   0.22070   0.12522   6.54890   0.46561   0.24243   0.10881   0.35335   0.48785
   0.22725   0.12839   6.86413   0.48461   0.26567   0.13559   0.37470   0.50736
   0.23319   0.13122   7.13066   0.50185   0.28679   0.15990   0.39410   0.52507
   0.23861   0.13379   7.35587   0.51752   0.30603   0.18204   0.41175   0.54116
   0.24357   0.13612   7.54630   0.53181   0.32361   0.20227   0.42787   0.55582
   0.24816   0.13824   7.70794   0.54488   0.33975   0.22084   0.44263   0.56923
   0.25241   0.14020   7.84576   0.55690   0.35463   0.23796   0.45623   0.58156
   0.25635   0.14200   7.96125   0.56789   0.36832   0.25374   0.46872   0.59284
   0.26001   0.14365   8.05622   0.57792   0.38086   0.26823   0.48013   0.60313
   0.26345   0.14520   8.13777   0.58723   0.39257   0.28177   0.49076   0.61269
   0.26669   0.14664   8.20687   0.59589   0.40348   0.29439   0.50066   0.62156
   0.26971   0.14797   8.26045   0.60372   0.41346   0.30598   0.50967   0.62960
   0.27258   0.14922   8.30759   0.61113   0.42291   0.31696   0.51820   0.63720
   0.23590   0.13868   2.16171   0.23745   0.02396   0.00000   0.13082   0.26215
   0.25446   0.14758   2.76970   0.25885   0.05562   0.00000   0.15801   0.28514
   0.26899   0.15435   3.22983   0.27695   0.08189   0.00000   0.18071   0.30440
   0.28075   0.15968   3.57588   0.29221   0.10395   0.00507   0.19977   0.32057
   0.29063   0.16404   3.84121   0.30531   0.12288   0.02846   0.21612   0.33439
   0.29914   0.16771   4.04948   0.31671   0.13943   0.04825   0.23038   0.34639
   0.30648   0.17079   4.20655   0.32650   0.15378   0.06551   0.24269   0.35666
   0.31294   0.17344   4.32829   0.33504   0.16643   0.08076   0.25350   0.36562
   0.31865   0.17574   4.42150   0.34250   0.17762   0.09428   0.26300   0.37342
   0.32376   0.17773   4.49152   0.34901   0.18755   0.10632   0.27139   0.38023
   0.32835   0.17948   4.54287   0.35472   0.19641   0.11711   0.27881   0.38619
   0.33248   0.18102   4.57947   0.35974   0.20434   0.12681   0.28542   0.39143
   0.33624   0.18239   4.60458   0.36417   0.21149   0.13559   0.29132   0.39604
   0.33966   0.18360   4.61920   0.36804   0.21789   0.14351   0.29657   0.40007
   0.34276   0.18466   4.62450   0.37139   0.22362   0.15065   0.30120   0.40356
   0.34562   0.18562   4.62435   0.37438   0.22885   0.15720   0.30540   0.40667
   0.34826   0.18649   4.61922   0.37704   0.23362   0.16321   0.30920   0.40943
   0.35065   0.18724   4.60760   0.37928   0.23785   0.16861   0.31251   0.41175
   0.35291   0.18794   4.59432   0.38133   0.24180   0.17366   0.31557   0.41388
   0.34870   0.20185   1.60761   0.17704   0.01738  -0.00002   0.10167   0.21403
   0.36659   0.20828   1.96903   0.18737   0.03734  -0.00001   0.11730   0.22529
   0.37973   0.21259   2.20538   0.19540   0.05298  -0.00001   0.12948   0.23387
   0.38971   0.21554   2.35707   0.20160   0.06543   0.00293   0.13905   0.24038
   0.39759   0.21762   2.45432   0.20644   0.07561   0.01623   0.14674   0.24537
   0.40400   0.21912   2.51666   0.21027   0.08410   0.02706   0.15305   0.24928
   0.40916   0.22011   2.55005   0.21318   0.09113   0.03618   0.15813   0.25218
   0.41343   0.22078   2.56543   0.21544   0.09707   0.04399   0.16231   0.25438
   0.41697   0.22119   2.56732   0.21715   0.10211   0.05069   0.16575   0.25599
   0.41992   0.22139   2.55924   0.21840   0.10639   0.05648   0.16857   0.25712
   0.42237   0.22142   2.54390   0.21928   0.11004   0.06150   0.17087   0.25785
   0.42441   0.22133   2.52343   0.21986   0.11317   0.06590   0.17276   0.25827
   0.42614   0.22113   2.49945   0.22019   0.11587   0.06976   0.17430   0.25843
   0.42755   0.22084   2.47252   0.22030   0.11819   0.07315   0.17553   0.25836
   0.42868   0.22047   2.44299   0.22021   0.12015   0.07611   0.17648   0.25808
   0.42962   0.22005   2.41287   0.22000   0.12187   0.07875   0.17723   0.25767
   0.43040   0.21960   2.38229   0.21968   0.12335   0.08111   0.17781   0.25715
   0.43097   0.21908   2.35033   0.21919   0.12458   0.08316   0.17818   0.25648
   0.43146   0.21855   2.31919   0.21867   0.12568   0.08504   0.17847   0.25578
   0.43156   0.24337   1.36996   0.14248   0.01413   0.00001   0.08555   0.18770
   0.44554   0.24571   1.60928   0.14817   0.02881   0.00000   0.09594   0.19319
   0.45485   0.24650   1.74154   0.15205   0.03974   0.00000   0.10344   0.19666
   0.46118   0.24636   1.80853   0.15459   0.04804   0.00201   0.10889   0.19869
   0.46558   0.24567   1.83713   0.15618   0.05452   0.01104   0.11293   0.19975
   0.46869   0.24467   1.84335   0.15713   0.05971   0.01816   0.11598   0.20015
   0.47073   0.24338   1.83214   0.15751   0.06381   0.02399   0.11820   0.19997
   0.47203   0.24197   1.81166   0.15751   0.06714   0.02885   0.11982   0.19942
   0.47275   0.24046   1.78492   0.15723   0.06984   0.03291   0.12098   0.19858
   0.47302   0.23888   1.75418   0.15672   0.07203   0.03632   0.12177   0.19753
   0.47294   0.23726   1.72109   0.15603   0.07381   0.03921   0.12226   0.19633
   0.47257   0.23563   1.68685   0.15522   0.07526   0.04168   0.12251   0.19502
   0.47197   0.23401   1.65231   0.15431   0.07643   0.04379   0.12258   0.19362
   0.47118   0.23239   1.61764   0.15332   0.07736   0.04560   0.12249   0.19214
   0.47022   0.23075   1.58301   0.15224   0.07809   0.04712   0.12226   0.19061
   0.46916   0.22914   1.54941   0.15114   0.07867   0.04846   0.12194   0.18908
   0.46802   0.22756   1.51677   0.15003   0.07914   0.04962   0.12156   0.18755
   0.46674   0.22598   1.48451   0.14886   0.07945   0.05059   0.12107   0.18596
   0.46545   0.22444   1.45378   0.14771   0.07970   0.05146   0.12056   0.18441
   0.49642   0.27083   1.24381   0.11851   0.01198   0.00000   0.07419   0.16844
   0.50483   0.26869   1.39643   0.12149   0.02341   0.00000   0.08131   0.17002
   0.50920   0.26582   1.46080   0.12301   0.03151  -0.00001   0.08598   0.17022
   0.51113   0.26259   1.47647   0.12353   0.03737   0.00149   0.08902   0.16950
   0.51148   0.25923   1.46618   0.12342   0.04175   0.00805   0.09100   0.16819
   0.51091   0.25589   1.44264   0.12290   0.04511   0.01308   0.09226   0.16659
   0.50954   0.25252   1.40963   0.12204   0.04765   0.01710   0.09295   0.16471
   0.50770   0.24924   1.37291   0.12100   0.04960   0.02037   0.09326   0.16270
   0.50550   0.24606   1.33439   0.11982   0.05111   0.02304   0.09328   0.16060
   0.50306   0.24295   1.29540   0.11854   0.05225   0.02523   0.09307   0.15849
   0.50045   0.23994   1.25683   0.11720   0.05311   0.02704   0.09271   0.15635
   0.49770   0.23704   1.21925   0.11584   0.05376   0.02854   0.09222   0.15422
   0.49489   0.23424   1.18303   0.11447   0.05423   0.02980   0.09165   0.15212
   0.49201   0.23154   1.14811   0.11308   0.05454   0.03085   0.09100   0.15006
   0.48906   0.22890   1.11445   0.11168   0.05473   0.03171   0.09028   0.14801
   0.48614   0.22636   1.08255   0.11031   0.05483   0.03243   0.08954   0.14603
   0.48324   0.22391   1.05224   0.10896   0.05486   0.03304   0.08879   0.14410
   0.48027   0.22153   1.02304   0.10762   0.05480   0.03353   0.08798   0.14219
   0.47739   0.21925   0.99559   0.10632   0.05472   0.03396   0.08720   0.14036
   0.54788   0.28796   1.16251   0.10008   0.01030   0.00000   0.06503   0.15187
   0.54982   0.28147   1.24605   0.10126   0.01943  -0.00001   0.06981   0.15057
   0.54871   0.27514   1.26090   0.10129   0.02557  -0.00001   0.07255   0.14847
   0.54586   0.26911   1.24196   0.10060   0.02980   0.00114   0.07402   0.14592
   0.54202   0.26338   1.20736   0.09950   0.03283   0.00605   0.07470   0.14316
   0.53767   0.25800   1.16665   0.09818   0.03505   0.00976   0.07491   0.14033
   0.53290   0.25286   1.12225   0.09668   0.03663   0.01262   0.07469   0.13746
   0.52798   0.24802   1.07803   0.09512   0.03778   0.01491   0.07426   0.13466
   0.52298   0.24345   1.03499   0.09352   0.03859   0.01673   0.07366   0.13192
   0.51794   0.23912   0.99371   0.09193   0.03916   0.01819   0.07295   0.12925
   0.51294   0.23502   0.95450   0.09035   0.03952   0.01937   0.07216   0.12668
   0.50798   0.23113   0.91753   0.08879   0.03974   0.02033   0.07132   0.12420
   0.50313   0.22743   0.88284   0.08727   0.03984   0.02111   0.07045   0.12182
   0.49837   0.22389   0.85019   0.08577   0.03986   0.02173   0.06957   0.11952
   0.49364   0.22050   0.81939   0.08431   0.03978   0.02224   0.06866   0.11731
   0.48906   0.21728   0.79066   0.08291   0.03966   0.02265   0.06776   0.11519
   0.48460   0.21419   0.76375   0.08155   0.03950   0.02298   0.06688   0.11317
   0.48018   0.21121   0.73828   0.08022   0.03929   0.02322   0.06598   0.11121
   0.47592   0.20838   0.71454   0.07895   0.03907   0.02343   0.06512   0.10933
   0.59696   0.29838   1.08309   0.08167   0.00858  -0.00002   0.05522   0.13266
   0.59016   0.28694   1.09774   0.08134   0.01553  -0.00001   0.05789   0.12884
   0.58187   0.27686   1.06781   0.08019   0.01993   0.00000   0.05899   0.12486
   0.57302   0.26782   1.02038   0.07863   0.02279   0.00082   0.05921   0.12091
   0.56396   0.25965   0.96770   0.07689   0.02472   0.00435   0.05890   0.11708
   0.55504   0.25221   0.91569   0.07509   0.02603   0.00691   0.05830   0.11346
   0.54624   0.24531   0.86515   0.07322   0.02689   0.00886   0.05751   0.11001
   0.53771   0.23897   0.81806   0.07142   0.02745   0.01036   0.05660   0.10674
   0.52946   0.23309   0.77450   0.06968   0.02776   0.01153   0.05563   0.10369
   0.52152   0.22761   0.73437   0.06798   0.02793   0.01244   0.05463   0.10081
   0.51386   0.22250   0.69747   0.06635   0.02798   0.01315   0.05363   0.09807
   0.50650   0.21771   0.66361   0.06480   0.02793   0.01372   0.05263   0.09551
   0.49943   0.21321   0.63254   0.06331   0.02781   0.01416   0.05164   0.09310
   0.49261   0.20897   0.60392   0.06188   0.02765   0.01450   0.05068   0.09080
   0.48601   0.20493   0.57745   0.06051   0.02744   0.01475   0.04973   0.08864
   0.47968   0.20112   0.55311   0.05921   0.02721   0.01495   0.04882   0.08658
   0.47358   0.19753   0.53063   0.05798   0.02696   0.01510   0.04794   0.08462
   0.46765   0.19408   0.50970   0.05678   0.02669   0.01518   0.04707   0.08275
   0.46199   0.19082   0.49038   0.05564   0.02642   0.01524   0.04624   0.08100
   0.63159   0.29953   1.00799   0.06659   0.00710  -0.00003   0.04657   0.11446
   0.61584   0.28388   0.97004   0.06530   0.01244  -0.00002   0.04778   0.10903
   0.60049   0.27069   0.90969   0.06348   0.01562  -0.00003   0.04786   0.10400
   0.58581   0.25930   0.84524   0.06152   0.01755   0.00059   0.04732   0.09936
   0.57186   0.24922   0.78353   0.05951   0.01877   0.00316   0.04648   0.09510
   0.55875   0.24025   0.72728   0.05757   0.01954   0.00500   0.04549   0.09120
   0.54630   0.23208   0.67591   0.05564   0.01996   0.00634   0.04442   0.08762
   0.53458   0.22466   0.62999   0.05384   0.02018   0.00735   0.04333   0.08432
   0.52352   0.21790   0.58891   0.05214   0.02025   0.00813   0.04224   0.08127
   0.51305   0.21168   0.55210   0.05053   0.02021   0.00872   0.04117   0.07845
   0.50315   0.20590   0.51904   0.04902   0.02010   0.00915   0.04014   0.07583
   0.49378   0.20053   0.48930   0.04759   0.01994   0.00948   0.03914   0.07340
   0.48486   0.19556   0.46248   0.04625   0.01975   0.00974   0.03819   0.07113
   0.47637   0.19091   0.43817   0.04498   0.01952   0.00992   0.03727   0.06901
   0.46825   0.18652   0.41601   0.04377   0.01927   0.01004   0.03638   0.06703
   0.46055   0.18240   0.39587   0.04263   0.01902   0.01013   0.03554   0.06518
   0.45322   0.17851   0.37746   0.04154   0.01876   0.01019   0.03473   0.06344
   0.44612   0.17483   0.36053   0.04053   0.01849   0.01021   0.03396   0.06178
   0.43938   0.17135   0.34503   0.03958   0.01822   0.01022   0.03323   0.06022
   0.65359   0.29370   0.92960   0.05398   0.00584  -0.00001   0.03885   0.09726
   0.62904   0.27475   0.85340   0.05217   0.00987   0.00000   0.03905   0.09100
   0.60694   0.25923   0.77385   0.05009   0.01214  -0.00001   0.03846   0.08552
   0.58690   0.24609   0.70071   0.04799   0.01344   0.00045   0.03751   0.08072
   0.56853   0.23468   0.63607   0.04596   0.01418   0.00231   0.03641   0.07644
   0.55171   0.22467   0.58004   0.04406   0.01461   0.00361   0.03528   0.07260
   0.53609   0.21567   0.53101   0.04227   0.01478   0.00453   0.03413   0.06914
   0.52166   0.20760   0.48845   0.04060   0.01481   0.00521   0.03302   0.06603
   0.50826   0.20028   0.45132   0.03906   0.01475   0.00573   0.03195   0.06320
   0.49573   0.19362   0.41879   0.03763   0.01462   0.00610   0.03093   0.06062
   0.48401   0.18751   0.39010   0.03630   0.01446   0.00637   0.02996   0.05824
   0.47304   0.18186   0.36470   0.03504   0.01426   0.00656   0.02905   0.05607
   0.46273   0.17665   0.34212   0.03387   0.01403   0.00670   0.02819   0.05408
   0.45296   0.17181   0.32189   0.03282   0.01381   0.00680   0.02737   0.05220
   0.44370   0.16727   0.30369   0.03179   0.01356   0.00686   0.02660   0.05048
   0.43497   0.16303   0.28730   0.03083   0.01332   0.00689   0.02587   0.04888
   0.42670   0.15906   0.27249   0.02994   0.01309   0.00690   0.02518   0.04737
   0.41879   0.15530   0.25898   0.02909   0.01285   0.00689   0.02452   0.04596
   0.41131   0.15177   0.24669   0.02830   0.01262   0.00688   0.02390   0.04464
   0.66431   0.28276   0.84653   0.04336   0.00474  -0.00001   0.03197   0.08132
   0.63153   0.26127   0.74452   0.04130   0.00777  -0.00002   0.03156   0.07481
   0.60331   0.24403   0.65460   0.03916   0.00939  -0.00002   0.03062   0.06937
   0.57848   0.22974   0.57878   0.03712   0.01026   0.00031   0.02949   0.06470
   0.55631   0.21746   0.51526   0.03520   0.01070   0.00169   0.02831   0.06068
   0.53635   0.20682   0.46221   0.03348   0.01090   0.00260   0.02718   0.05712
   0.51811   0.19738   0.41729   0.03187   0.01095   0.00327   0.02607   0.05398
   0.50146   0.18898   0.37923   0.03041   0.01089   0.00374   0.02504   0.05117
   0.48618   0.18142   0.34668   0.02907   0.01076   0.00407   0.02406   0.04866
   0.47205   0.17460   0.31865   0.02784   0.01060   0.00432   0.02315   0.04640
   0.45893   0.16838   0.29435   0.02671   0.01042   0.00449   0.02230   0.04435
   0.44676   0.16266   0.27310   0.02567   0.01022   0.00459   0.02151   0.04247
   0.43541   0.15741   0.25441   0.02470   0.01001   0.00466   0.02077   0.04075
   0.42477   0.15256   0.23784   0.02381   0.00981   0.00472   0.02007   0.03917
   0.41473   0.14803   0.22313   0.02297   0.00960   0.00475   0.01941   0.03771
   0.40530   0.14383   0.20999   0.02220   0.00939   0.00476   0.01880   0.03636
   0.39642   0.13991   0.19818   0.02148   0.00920   0.00475   0.01823   0.03512
   0.38796   0.13621   0.18754   0.02080   0.00900   0.00473   0.01769   0.03395
   0.37999   0.13276   0.17790   0.02016   0.00881   0.00469   0.01719   0.03286
   0.66501   0.26806   0.76016   0.03445   0.00382  -0.00002   0.02597   0.06684
   0.62480   0.24477   0.64287   0.03232   0.00608  -0.00001   0.02518   0.06056
   0.59113   0.22650   0.54934   0.03031   0.00722  -0.00002   0.02409   0.05541
   0.56229   0.21151   0.47509   0.02840   0.00778   0.00025   0.02295   0.05116
   0.53691   0.19883   0.41540   0.02670   0.00804   0.00123   0.02181   0.04752
   0.51441   0.18793   0.36705   0.02518   0.00813   0.00189   0.02075   0.04436
   0.49410   0.17834   0.32712   0.02382   0.00808   0.00236   0.01975   0.04161
   0.47576   0.16989   0.29396   0.02258   0.00797   0.00269   0.01883   0.03920
   0.45909   0.16234   0.26613   0.02146   0.00783   0.00292   0.01799   0.03704
   0.44381   0.15554   0.24250   0.02044   0.00768   0.00307   0.01721   0.03511
   0.42975   0.14939   0.22223   0.01951   0.00750   0.00317   0.01648   0.03339
   0.41678   0.14378   0.20475   0.01866   0.00732   0.00323   0.01581   0.03183
   0.40477   0.13864   0.18955   0.01786   0.00714   0.00328   0.01521   0.03041
   0.39351   0.13393   0.17622   0.01715   0.00696   0.00329   0.01463   0.02911
   0.38297   0.12955   0.16448   0.01650   0.00679   0.00329   0.01410   0.02791
   0.37314   0.12549   0.15406   0.01589   0.00663   0.00329   0.01360   0.02681
   0.36394   0.12172   0.14477   0.01532   0.00646   0.00327   0.01315   0.02580
   0.35520   0.11820   0.13642   0.01479   0.00630   0.00325   0.01271   0.02486
   0.34701   0.11491   0.12891   0.01429   0.00615   0.00323   0.01230   0.02398
   0.65683   0.25071   0.67279   0.02701   0.00304   0.00005   0.02080   0.05405
   0.61006   0.22645   0.54900   0.02502   0.00469   0.00002   0.01982   0.04824
   0.57187   0.20766   0.45698   0.02318   0.00547   0.00003   0.01870   0.04364
   0.53971   0.19245   0.38718   0.02156   0.00583   0.00019   0.01760   0.03986
   0.51183   0.17974   0.33292   0.02009   0.00594   0.00091   0.01656   0.03672
   0.48739   0.16889   0.29007   0.01884   0.00596   0.00139   0.01564   0.03399
   0.46562   0.15941   0.25544   0.01766   0.00588   0.00169   0.01477   0.03169
   0.44613   0.15111   0.22718   0.01664   0.00577   0.00190   0.01400   0.02965
   0.42852   0.14376   0.20383   0.01574   0.00564   0.00205   0.01328   0.02786
   0.41250   0.13719   0.18424   0.01492   0.00550   0.00215   0.01264   0.02627
   0.39787   0.13125   0.16766   0.01418   0.00534   0.00222   0.01204   0.02486
   0.38445   0.12587   0.15352   0.01349   0.00518   0.00225   0.01151   0.02359
   0.37207   0.12097   0.14132   0.01286   0.00504   0.00227   0.01102   0.02245
   0.36055   0.11649   0.13069   0.01233   0.00490   0.00228   0.01056   0.02140
   0.34986   0.11233   0.12139   0.01178   0.00475   0.00227   0.01014   0.02046
   0.33991   0.10850   0.11322   0.01129   0.00461   0.00225   0.00975   0.01960
   0.33058   0.10496   0.10598   0.01086   0.00449   0.00223   0.00938   0.01878
   0.32179   0.10166   0.09953   0.01047   0.00437   0.00221   0.00905   0.01802
   0.31357   0.09859   0.09375   0.01010   0.00425   0.00218   0.00874   0.01732
   0.64065   0.23200   0.58715   0.02115   0.00225  -0.00014   0.01625   0.04297
   0.58852   0.20729   0.46345   0.01928   0.00347  -0.00015   0.01527   0.03782
   0.54674   0.18842   0.37639   0.01765   0.00404  -0.00013   0.01425   0.03381
   0.51212   0.17334   0.31289   0.01624   0.00425   0.00002   0.01328   0.03060
   0.48246   0.16081   0.26492   0.01500   0.00432   0.00056   0.01240   0.02795
   0.45675   0.15021   0.22778   0.01394   0.00432   0.00091   0.01162   0.02570
   0.43402   0.14108   0.19840   0.01301   0.00421   0.00114   0.01090   0.02378
   0.41382   0.13310   0.17477   0.01219   0.00411   0.00129   0.01026   0.02214
   0.39575   0.12606   0.15547   0.01145   0.00400   0.00140   0.00969   0.02070
   0.37940   0.11981   0.13951   0.01081   0.00388   0.00147   0.00917   0.01943
   0.36454   0.11421   0.12615   0.01022   0.00376   0.00151   0.00870   0.01828
   0.35100   0.10916   0.11484   0.00969   0.00364   0.00153   0.00828   0.01726
   0.33855   0.10457   0.10517   0.00923   0.00352   0.00154   0.00789   0.01634
   0.32708   0.10038   0.09681   0.00877   0.00341   0.00154   0.00753   0.01554
   0.31640   0.09653   0.08957   0.00837   0.00330   0.00153   0.00721   0.01479
   0.30650   0.09298   0.08323   0.00802   0.00320   0.00152   0.00691   0.01411
   0.29730   0.08971   0.07763   0.00768   0.00310   0.00151   0.00663   0.01351
   0.28866   0.08667   0.07266   0.00736   0.00300   0.00149   0.00637   0.01294
   0.28060   0.08385   0.06823   0.00707   0.00290   0.00147   0.00613   0.01241
   0.61804   0.21189   0.50473   0.01606   0.00178  -0.00004   0.01267   0.03361
   0.56155   0.18741   0.38629   0.01448   0.00265  -0.00002   0.01170   0.02917
   0.51709   0.16893   0.30663   0.01312   0.00301  -0.00003   0.01078   0.02580
   0.48072   0.15429   0.25038   0.01196   0.00313   0.00007   0.00994   0.02317
   0.44992   0.14226   0.20887   0.01098   0.00315   0.00044   0.00919   0.02097
   0.42343   0.13218   0.17743   0.01016   0.00310   0.00067   0.00855   0.01915
   0.40028   0.12349   0.15296   0.00941   0.00302   0.00083   0.00798   0.01759
   0.37985   0.11599   0.13355   0.00877   0.00293   0.00093   0.00746   0.01628
   0.36164   0.10941   0.11791   0.00820   0.00283   0.00100   0.00700   0.01514
   0.34534   0.10357   0.10511   0.00769   0.00274   0.00104   0.00659   0.01414
   0.33058   0.09836   0.09447   0.00724   0.00264   0.00106   0.00623   0.01326
   0.31715   0.09370   0.08553   0.00685   0.00254   0.00107   0.00590   0.01247
   0.30492   0.08949   0.07796   0.00648   0.00244   0.00107   0.00560   0.01176
   0.29363   0.08564   0.07147   0.00617   0.00236   0.00107   0.00534   0.01114
   0.28321   0.08212   0.06586   0.00588   0.00228   0.00106   0.00509   0.01056
   0.27361   0.07890   0.06099   0.00561   0.00220   0.00105   0.00486   0.01004
   0.26470   0.07593   0.05671   0.00536   0.00213   0.00104   0.00464   0.00958
   0.25637   0.07317   0.05293   0.00512   0.00205   0.00102   0.00445   0.00914
   0.24862   0.07062   0.04958   0.00490   0.00199   0.00100   0.00428   0.00875
   0.58965   0.19166   0.42772   0.01211   0.00134  -0.00003   0.00966   0.02584
   0.53008   0.16777   0.31802   0.01077   0.00195  -0.00004   0.00879   0.02215
   0.48387   0.14997   0.24702   0.00967   0.00221  -0.00003   0.00800   0.01937
   0.44655   0.13604   0.19835   0.00872   0.00226   0.00004   0.00732   0.01722
   0.41526   0.12469   0.16325   0.00796   0.00224   0.00031   0.00672   0.01548
   0.38864   0.11519   0.13706   0.00730   0.00220   0.00049   0.00620   0.01404
   0.36545   0.10711   0.11702   0.00673   0.00214   0.00058   0.00574   0.01284
   0.34518   0.10014   0.10134   0.00624   0.00206   0.00064   0.00535   0.01181
   0.32726   0.09407   0.08885   0.00580   0.00198   0.00069   0.00499   0.01091
   0.31125   0.08873   0.07872   0.00542   0.00190   0.00072   0.00468   0.01015
   0.29683   0.08398   0.07038   0.00509   0.00182   0.00073   0.00440   0.00948
   0.28380   0.07972   0.06342   0.00479   0.00175   0.00073   0.00415   0.00888
   0.27196   0.07588   0.05755   0.00451   0.00169   0.00073   0.00393   0.00835
   0.26109   0.07242   0.05256   0.00429   0.00162   0.00072   0.00372   0.00788
   0.25111   0.06925   0.04828   0.00408   0.00156   0.00071   0.00354   0.00744
   0.24194   0.06634   0.04457   0.00387   0.00150   0.00070   0.00337   0.00706
   0.23348   0.06368   0.04134   0.00367   0.00144   0.00071   0.00321   0.00672
   0.22558   0.06122   0.03848   0.00349   0.00139   0.00069   0.00307   0.00641
   0.21825   0.05896   0.03595   0.00333   0.00134   0.00067   0.00293   0.00612
   0.55671   0.17150   0.35716   0.00892   0.00101  -0.00001   0.00728   0.01953
   0.49518   0.14866   0.25840   0.00785   0.00144  -0.00001   0.00653   0.01650
   0.44816   0.13180   0.19669   0.00697   0.00159   0.00000   0.00588   0.01430
   0.41060   0.11872   0.15543   0.00624   0.00162   0.00004   0.00532   0.01262
   0.37939   0.10818   0.12629   0.00567   0.00160   0.00024   0.00483   0.01125
   0.35306   0.09941   0.10492   0.00515   0.00155   0.00034   0.00444   0.01014
   0.33032   0.09198   0.08878   0.00473   0.00150   0.00041   0.00409   0.00920
   0.31055   0.08562   0.07630   0.00436   0.00144   0.00045   0.00378   0.00843
   0.29318   0.08010   0.06644   0.00404   0.00138   0.00047   0.00351   0.00776
   0.27774   0.07527   0.05852   0.00376   0.00132   0.00050   0.00327   0.00718
   0.26392   0.07099   0.05207   0.00352   0.00125   0.00051   0.00306   0.00667
   0.25146   0.06717   0.04672   0.00330   0.00119   0.00051   0.00288   0.00624
   0.24017   0.06374   0.04224   0.00311   0.00115   0.00050   0.00272   0.00585
   0.22995   0.06063   0.03845   0.00292   0.00110   0.00050   0.00257   0.00550
   0.22052   0.05783   0.03521   0.00277   0.00105   0.00048   0.00243   0.00518
   0.21186   0.05527   0.03241   0.00264   0.00101   0.00048   0.00231   0.00489
   0.20388   0.05293   0.02998   0.00252   0.00098   0.00048   0.00219   0.00464
   0.19649   0.05077   0.02786   0.00240   0.00093   0.00046   0.00209   0.00440
   0.18966   0.04880   0.02598   0.00229   0.00089   0.00045   0.00199   0.00418
   0.52016   0.15185   0.29381   0.00640   0.00079   0.00005   0.00540   0.01451
   0.45781   0.13035   0.20711   0.00559   0.00106   0.00005   0.00477   0.01212
   0.41085   0.11466   0.15465   0.00492   0.00115   0.00005   0.00425   0.01038
   0.37367   0.10259   0.12037   0.00438   0.00116   0.00008   0.00381   0.00908
   0.34313   0.09290   0.09662   0.00394   0.00114   0.00019   0.00345   0.00803
   0.31752   0.08491   0.07948   0.00356   0.00110   0.00026   0.00313   0.00719
   0.29558   0.07820   0.06671   0.00326   0.00104   0.00030   0.00287   0.00648
   0.27662   0.07248   0.05694   0.00299   0.00099   0.00033   0.00263   0.00591
   0.26003   0.06752   0.04928   0.00276   0.00094   0.00035   0.00244   0.00543
   0.24537   0.06321   0.04317   0.00256   0.00090   0.00035   0.00227   0.00500
   0.23231   0.05940   0.03823   0.00239   0.00085   0.00035   0.00211   0.00462
   0.22059   0.05603   0.03418   0.00224   0.00081   0.00034   0.00198   0.00430
   0.21004   0.05302   0.03079   0.00209   0.00077   0.00034   0.00186   0.00402
   0.20044   0.05030   0.02794   0.00198   0.00074   0.00033   0.00175   0.00375
   0.19166   0.04784   0.02552   0.00188   0.00070   0.00033   0.00165   0.00353
   0.18365   0.04560   0.02343   0.00178   0.00068   0.00032   0.00156   0.00333
   0.17632   0.04356   0.02163   0.00168   0.00066   0.00031   0.00148   0.00314
   0.16954   0.04169   0.02005   0.00158   0.00063   0.00031   0.00141   0.00297
   0.16328   0.03997   0.01866   0.00149   0.00060   0.00031   0.00134   0.00283
   0.48090   0.13323   0.23815   0.00463   0.00054   0.00001   0.00389   0.01058
   0.41895   0.11324   0.16385   0.00397   0.00074   0.00002   0.00340   0.00871
   0.37279   0.09882   0.12007   0.00344   0.00080   0.00001   0.00299   0.00741
   0.33665   0.08781   0.09216   0.00307   0.00080   0.00003   0.00266   0.00641
   0.30720   0.07905   0.07313   0.00273   0.00078   0.00012   0.00239   0.00564
   0.28268   0.07187   0.05961   0.00248   0.00074   0.00018   0.00216   0.00501
   0.26183   0.06588   0.04965   0.00224   0.00070   0.00020   0.00196   0.00451
   0.24391   0.06079   0.04209   0.00205   0.00067   0.00022   0.00180   0.00407
   0.22831   0.05642   0.03624   0.00189   0.00064   0.00024   0.00166   0.00372
   0.21461   0.05261   0.03162   0.00175   0.00060   0.00023   0.00153   0.00341
   0.20249   0.04927   0.02788   0.00161   0.00056   0.00023   0.00142   0.00314
   0.19165   0.04633   0.02484   0.00149   0.00054   0.00023   0.00132   0.00292
   0.18189   0.04370   0.02231   0.00140   0.00051   0.00023   0.00124   0.00272
   0.17306   0.04133   0.02019   0.00132   0.00049   0.00023   0.00117   0.00254
   0.16503   0.03921   0.01839   0.00125   0.00046   0.00022   0.00109   0.00238
   0.15771   0.03729   0.01685   0.00117   0.00043   0.00022   0.00103   0.00224
   0.15103   0.03553   0.01552   0.00110   0.00041   0.00020   0.00097   0.00211
   0.14485   0.03392   0.01437   0.00105   0.00040   0.00020   0.00092   0.00200
   0.13917   0.03245   0.01335   0.00099   0.00038   0.00020   0.00087   0.00189
   0.44001   0.11559   0.19006   0.00324   0.00038   0.00003   0.00278   0.00754
   0.37939   0.09733   0.12774   0.00274   0.00051   0.00002   0.00238   0.00615
   0.33470   0.08429   0.09202   0.00240   0.00052   0.00002   0.00206   0.00518
   0.30011   0.07442   0.06971   0.00214   0.00052   0.00003   0.00183   0.00443
   0.27218   0.06660   0.05475   0.00189   0.00050   0.00008   0.00161   0.00388
   0.24907   0.06024   0.04422   0.00170   0.00047   0.00011   0.00146   0.00343
   0.22956   0.05495   0.03657   0.00153   0.00045   0.00013   0.00131   0.00307
   0.21287   0.05049   0.03084   0.00140   0.00042   0.00014   0.00119   0.00278
   0.19842   0.04667   0.02642   0.00129   0.00040   0.00015   0.00110   0.00251
   0.18581   0.04337   0.02295   0.00118   0.00038   0.00014   0.00100   0.00229
   0.17467   0.04049   0.02017   0.00109   0.00036   0.00014   0.00092   0.00211
   0.16475   0.03794   0.01791   0.00102   0.00034   0.00014   0.00086   0.00195
   0.15589   0.03568   0.01605   0.00095   0.00032   0.00013   0.00080   0.00180
   0.14790   0.03366   0.01449   0.00088   0.00030   0.00013   0.00075   0.00169
   0.14064   0.03184   0.01317   0.00083   0.00029   0.00013   0.00070   0.00158
   0.13405   0.03020   0.01204   0.00078   0.00027   0.00013   0.00066   0.00148
   0.12805   0.02870   0.01108   0.00073   0.00025   0.00012   0.00063   0.00140
   0.12250   0.02734   0.01024   0.00070   0.00024   0.00012   0.00059   0.00131
   0.11740   0.02610   0.00950   0.00067   0.00023   0.00011   0.00055   0.00123
   0.39819   0.09919   0.14914   0.00220   0.00031   0.00004   0.00195   0.00525
   0.33978   0.08269   0.09797   0.00184   0.00036   0.00004   0.00165   0.00426
   0.29723   0.07103   0.06939   0.00159   0.00037   0.00003   0.00142   0.00355
   0.26461   0.06228   0.05188   0.00139   0.00036   0.00004   0.00124   0.00301
   0.23845   0.05540   0.04033   0.00122   0.00034   0.00007   0.00109   0.00262
   0.21702   0.04983   0.03232   0.00107   0.00033   0.00009   0.00098   0.00231
   0.19897   0.04524   0.02655   0.00098   0.00031   0.00009   0.00088   0.00203
   0.18368   0.04138   0.02226   0.00088   0.00028   0.00010   0.00080   0.00183
   0.17050   0.03810   0.01898   0.00080   0.00026   0.00010   0.00072   0.00166
   0.15903   0.03527   0.01643   0.00073   0.00025   0.00010   0.00066   0.00152
   0.14893   0.03281   0.01440   0.00068   0.00024   0.00010   0.00061   0.00139
   0.13999   0.03064   0.01274   0.00063   0.00023   0.00010   0.00057   0.00127
   0.13204   0.02872   0.01139   0.00058   0.00022   0.00010   0.00053   0.00118
   0.12487   0.02702   0.01026   0.00056   0.00021   0.00009   0.00049   0.00108
   0.11840   0.02549   0.00931   0.00052   0.00019   0.00010   0.00046   0.00101
   0.11255   0.02411   0.00850   0.00050   0.00018   0.00010   0.00043   0.00095
   0.10721   0.02287   0.00781   0.00047   0.00018   0.00009   0.00041   0.00087
   0.10232   0.02172   0.00721   0.00044   0.00017   0.00009   0.00038   0.00083
   0.09785   0.02069   0.00668   0.00040   0.00016   0.00008   0.00036   0.00079
   0.35637   0.08418   0.11504   0.00144   0.00020   0.00002   0.00134   0.00363
   0.30093   0.06947   0.07388   0.00119   0.00025   0.00003   0.00113   0.00287
   0.26098   0.05917   0.05149   0.00101   0.00026   0.00003   0.00096   0.00236
   0.23066   0.05151   0.03802   0.00086   0.00026   0.00003   0.00084   0.00199
   0.20652   0.04555   0.02928   0.00077   0.00025   0.00006   0.00075   0.00169
   0.18689   0.04074   0.02329   0.00065   0.00023   0.00007   0.00066   0.00150
   0.17047   0.03680   0.01902   0.00059   0.00022   0.00007   0.00059   0.00132
   0.15663   0.03351   0.01587   0.00053   0.00020   0.00008   0.00053   0.00118
   0.14477   0.03071   0.01348   0.00047   0.00019   0.00009   0.00049   0.00107
   0.13448   0.02832   0.01163   0.00044   0.00018   0.00008   0.00044   0.00097
   0.12548   0.02625   0.01016   0.00041   0.00017   0.00008   0.00041   0.00088
   0.11755   0.02444   0.00898   0.00037   0.00016   0.00008   0.00038   0.00080
   0.11050   0.02284   0.00800   0.00034   0.00015   0.00008   0.00035   0.00075
   0.10418   0.02142   0.00720   0.00033   0.00014   0.00007   0.00033   0.00069
   0.09850   0.02015   0.00652   0.00031   0.00014   0.00008   0.00031   0.00064
   0.09338   0.01901   0.00594   0.00028   0.00013   0.00008   0.00028   0.00060
   0.08872   0.01798   0.00545   0.00026   0.00012   0.00007   0.00026   0.00056
   0.08446   0.01704   0.00502   0.00025   0.00011   0.00007   0.00025   0.00052
   0.08057   0.01619   0.00465   0.00024   0.00011   0.00006   0.00024   0.00049
   0.31534   0.07072   0.08731   0.00103   0.00009  -0.00003   0.00084   0.00244
   0.26356   0.05780   0.05498   0.00083   0.00013  -0.00001   0.00070   0.00190
   0.22668   0.04884   0.03774   0.00070   0.00014  -0.00002   0.00060   0.00153
   0.19891   0.04225   0.02760   0.00059   0.00013  -0.00001   0.00052   0.00130
   0.17696   0.03713   0.02109   0.00054   0.00012   0.00001   0.00044   0.00111
   0.15925   0.03305   0.01666   0.00047   0.00012   0.00002   0.00039   0.00097
   0.14455   0.02971   0.01354   0.00042   0.00011   0.00003   0.00035   0.00086
   0.13219   0.02694   0.01125   0.00038   0.00010   0.00003   0.00031   0.00075
   0.12165   0.02460   0.00953   0.00036   0.00010   0.00003   0.00028   0.00067
   0.11257   0.02260   0.00820   0.00032   0.00009   0.00003   0.00026   0.00061
   0.10466   0.02087   0.00715   0.00029   0.00008   0.00003   0.00024   0.00055
   0.09772   0.01937   0.00630   0.00026   0.00008   0.00003   0.00022   0.00051
   0.09158   0.01805   0.00561   0.00023   0.00007   0.00003   0.00020   0.00048
   0.08608   0.01688   0.00504   0.00023   0.00007   0.00003   0.00018   0.00043
   0.08116   0.01584   0.00456   0.00022   0.00006   0.00003   0.00017   0.00040
   0.07674   0.01491   0.00415   0.00020   0.00006   0.00003   0.00016   0.00037
   0.07273   0.01406   0.00380   0.00019   0.00006   0.00003   0.00014   0.00035
   0.06907   0.01330   0.00350   0.00018   0.00006   0.00003   0.00013   0.00033
   0.06574   0.01261   0.00324   0.00017   0.00005   0.00002   0.00013   0.00031
   0.27543   0.05845   0.06477   0.00059   0.00010   0.00003   0.00059   0.00156
   0.22769   0.04730   0.03998   0.00050   0.00010   0.00003   0.00047   0.00122
   0.19413   0.03965   0.02708   0.00042   0.00010   0.00002   0.00038   0.00099
   0.16908   0.03404   0.01959   0.00036   0.00009   0.00003   0.00033   0.00083
   0.14947   0.02974   0.01485   0.00031   0.00008   0.00003   0.00028   0.00071
   0.13371   0.02634   0.01167   0.00027   0.00007   0.00002   0.00025   0.00060
   0.12076   0.02356   0.00944   0.00024   0.00007   0.00003   0.00022   0.00053
   0.10990   0.02127   0.00782   0.00024   0.00007   0.00003   0.00019   0.00047
   0.10070   0.01934   0.00660   0.00021   0.00006   0.00003   0.00017   0.00042
   0.09282   0.01770   0.00566   0.00018   0.00006   0.00003   0.00016   0.00037
   0.08598   0.01629   0.00493   0.00017   0.00005   0.00002   0.00015   0.00033
   0.07998   0.01506   0.00434   0.00016   0.00005   0.00003   0.00013   0.00030
   0.07469   0.01399   0.00386   0.00015   0.00005   0.00002   0.00012   0.00028
   0.07001   0.01305   0.00346   0.00013   0.00004   0.00002   0.00011   0.00026
   0.06580   0.01220   0.00313   0.00013   0.00004   0.00002   0.00010   0.00024
   0.06203   0.01145   0.00284   0.00012   0.00004   0.00002   0.00009   0.00022
   0.05863   0.01078   0.00260   0.00012   0.00003   0.00002   0.00009   0.00021
   0.05556   0.01017   0.00239   0.00010   0.00004   0.00002   0.00009   0.00019
   0.05276   0.00962   0.00221   0.00010   0.00003   0.00002   0.00008   0.00018
   0.23735   0.04768   0.04709   0.00034   0.00008   0.00004   0.00039   0.00098
   0.19415   0.03819   0.02850   0.00027   0.00008   0.00004   0.00031   0.00075
   0.16402   0.03174   0.01904   0.00024   0.00007   0.00002   0.00026   0.00061
   0.14179   0.02706   0.01365   0.00019   0.00006   0.00002   0.00021   0.00051
   0.12451   0.02349   0.01027   0.00018   0.00006   0.00003   0.00018   0.00042
   0.11074   0.02068   0.00802   0.00016   0.00005   0.00002   0.00016   0.00036
   0.09945   0.01840   0.00647   0.00014   0.00005   0.00003   0.00014   0.00032
   0.09009   0.01653   0.00534   0.00011   0.00005   0.00002   0.00012   0.00028
   0.08217   0.01496   0.00450   0.00011   0.00004   0.00002   0.00011   0.00025
   0.07541   0.01364   0.00385   0.00010   0.00004   0.00002   0.00009   0.00023
   0.06959   0.01251   0.00334   0.00009   0.00003   0.00002   0.00009   0.00021
   0.06451   0.01153   0.00294   0.00008   0.00003   0.00002   0.00008   0.00018
   0.06004   0.01067   0.00261   0.00008   0.00003   0.00002   0.00008   0.00016
   0.05608   0.00992   0.00234   0.00008   0.00003   0.00002   0.00007   0.00015
   0.05256   0.00925   0.00211   0.00007   0.00003   0.00002   0.00006   0.00014
   0.04941   0.00866   0.00192   0.00007   0.00003   0.00001   0.00006   0.00013
   0.04656   0.00813   0.00175   0.00007   0.00002   0.00001   0.00006   0.00012
   0.04400   0.00765   0.00161   0.00006   0.00002   0.00001   0.00005   0.00010
   0.04168   0.00722   0.00149   0.00005   0.00002   0.00001   0.00005   0.00009
   0.20188   0.03842   0.03353   0.00024   0.00003   0.00001   0.00022   0.00062
   0.16328   0.03045   0.01994   0.00019   0.00003   0.00001   0.00017   0.00047
   0.13671   0.02510   0.01316   0.00017   0.00003   0.00001   0.00014   0.00037
   0.11730   0.02124   0.00936   0.00013   0.00003   0.00000   0.00012   0.00030
   0.10235   0.01832   0.00700   0.00011   0.00002   0.00001   0.00010   0.00025
   0.09047   0.01603   0.00545   0.00010   0.00003   0.00001   0.00009   0.00023
   0.08083   0.01419   0.00438   0.00008   0.00002   0.00001   0.00007   0.00019
   0.07285   0.01269   0.00360   0.00008   0.00002   0.00000   0.00006   0.00016
   0.06614   0.01144   0.00303   0.00008   0.00001   0.00001   0.00005   0.00015
   0.06046   0.01039   0.00259   0.00007   0.00002   0.00001   0.00005   0.00013
   0.05557   0.00949   0.00225   0.00007   0.00002   0.00001   0.00005   0.00012
   0.05132   0.00872   0.00197   0.00007   0.00001   0.00001   0.00004   0.00011
   0.04760   0.00804   0.00175   0.00006   0.00001   0.00000   0.00003   0.00009
   0.04433   0.00746   0.00157   0.00006   0.00001   0.00000   0.00003   0.00008
   0.04142   0.00693   0.00141   0.00005   0.00001   0.00000   0.00003   0.00008
   0.03883   0.00647   0.00128   0.00005   0.00001   0.00001   0.00003   0.00007
   0.03652   0.00606   0.00117   0.00004   0.00001   0.00000   0.00003   0.00007
   0.03441   0.00569   0.00108   0.00004   0.00001   0.00001   0.00002   0.00006
   0.03250   0.00535   0.00099   0.00004   0.00001   0.00001   0.00002   0.00006
   0.16881   0.03032   0.02320   0.00009   0.00004   0.00004   0.00014   0.00037
   0.13497   0.02378   0.01355   0.00008   0.00003   0.00003   0.00011   0.00027
   0.11197   0.01942   0.00885   0.00007   0.00003   0.00002   0.00009   0.00021
   0.09528   0.01632   0.00624   0.00007   0.00003   0.00002   0.00007   0.00016
   0.08255   0.01398   0.00465   0.00005   0.00002   0.00002   0.00006   0.00015
   0.07252   0.01216   0.00360   0.00006   0.00002   0.00002   0.00006   0.00010
   0.06443   0.01071   0.00289   0.00004   0.00002   0.00001   0.00004   0.00010
   0.05777   0.00953   0.00237   0.00003   0.00002   0.00001   0.00004   0.00009
   0.05221   0.00855   0.00199   0.00004   0.00001   0.00001   0.00004   0.00008
   0.04752   0.00773   0.00170   0.00003   0.00001   0.00001   0.00003   0.00007
   0.04349   0.00703   0.00147   0.00003   0.00001   0.00001   0.00003   0.00006
   0.04002   0.00643   0.00129   0.00002   0.00001   0.00001   0.00003   0.00006
   0.03701   0.00592   0.00114   0.00001   0.00001   0.00001   0.00002   0.00005
   0.03432   0.00546   0.00102   0.00003   0.00001   0.00001   0.00002   0.00005
   0.03197   0.00507   0.00092   0.00002   0.00001   0.00001   0.00002   0.00004
   0.02988   0.00471   0.00084   0.00002   0.00001   0.00001   0.00002   0.00004
   0.02800   0.00440   0.00076   0.00002   0.00001   0.00001   0.00002   0.00003
   0.02632   0.00412   0.00070   0.00002   0.00001   0.00001   0.00002   0.00003
   0.02480   0.00387   0.00064   0.00002   0.00001   0.00001   0.00002   0.00003
   0.11210   0.01794   0.01023   0.00004   0.00001   0.00000   0.00004   0.00011
   0.08751   0.01374   0.00580   0.00003   0.00001   0.00000   0.00003   0.00008
   0.07118   0.01102   0.00371   0.00002   0.00000   0.00000   0.00003   0.00006
   0.05958   0.00910   0.00259   0.00001   0.00000   0.00000   0.00002   0.00005
   0.05085   0.00769   0.00192   0.00002   0.00001   0.00000   0.00002   0.00004
   0.04410   0.00661   0.00148   0.00001   0.00000   0.00000   0.00001   0.00003
   0.03872   0.00575   0.00118   0.00001   0.00001   0.00000   0.00001   0.00002
   0.03434   0.00506   0.00097   0.00001   0.00001   0.00000   0.00001   0.00002
   0.03074   0.00450   0.00081   0.00001   0.00000   0.00000   0.00001   0.00002
   0.02771   0.00403   0.00069   0.00001   0.00000   0.00000   0.00001   0.00002
   0.02516   0.00364   0.00060   0.00000   0.00000   0.00000   0.00001   0.00002
   0.02296   0.00330   0.00052   0.00000   0.00000   0.00000   0.00001   0.00002
   0.02106   0.00302   0.00046   0.00001   0.00000   0.00000   0.00001   0.00001
   0.01940   0.00277   0.00041   0.00001   0.00000   0.00000   0.00001   0.00001
   0.01795   0.00255   0.00037   0.00001   0.00000   0.00000   0.00001   0.00001
   0.01667   0.00236   0.00034   0.00000   0.00000   0.00000   0.00001   0.00001
   0.01554   0.00219   0.00031   0.00000   0.00000   0.00000   0.00001   0.00001
   0.01452   0.00203   0.00028   0.00000   0.00000   0.00000   0.00001   0.00001
   0.01360   0.00190   0.00026   0.00000   0.00000   0.00000   0.00001   0.00001
   0.06818   0.00965   0.00390   0.00001   0.00000   0.00000   0.00001   0.00003
   0.05187   0.00721   0.00217   0.00000   0.00000  -0.00001   0.00001   0.00003
   0.04129   0.00566   0.00137   0.00001   0.00000  -0.00001   0.00000   0.00002
   0.03395   0.00459   0.00096   0.00000   0.00000   0.00000   0.00000   0.00001
   0.02853   0.00382   0.00071   0.00001   0.00000   0.00000   0.00000   0.00001
   0.02439   0.00324   0.00055   0.00001   0.00000   0.00000   0.00000   0.00000
   0.02114   0.00279   0.00044   0.00000   0.00000   0.00000   0.00000   0.00001
   0.01853   0.00242   0.00036   0.00000   0.00000   0.00000   0.00000   0.00001
   0.01641   0.00213   0.00030   0.00000   0.00000   0.00000   0.00000   0.00000
   0.01465   0.00189   0.00025   0.00000   0.00000   0.00000   0.00000   0.00000
   0.01317   0.00169   0.00022   0.00000   0.00000   0.00000   0.00000   0.00000
   0.01192   0.00152   0.00019   0.00000   0.00000   0.00000   0.00000   0.00000
   0.01085   0.00138   0.00017   0.00000   0.00000   0.00000   0.00000   0.00000
   0.00992   0.00126   0.00015   0.00000   0.00000   0.00000   0.00000   0.00000
   0.00911   0.00115   0.00014   0.00000   0.00000   0.00000   0.00000   0.00000
   0.00840   0.00106   0.00012   0.00000   0.00000   0.00000   0.00000   0.00000
   0.00778   0.00097   0.00011   0.00000   0.00000   0.00000   0.00000   0.00000
   0.00722   0.00090   0.00010   0.00000   0.00000   0.00000   0.00000   0.00000
   0.00673   0.00084   0.00009   0.00000   0.00000   0.00000   0.00000   0.00000
   0.03695   0.00456   0.00123   0.00000   0.00000   0.00000   0.00000   0.00001
   0.02730   0.00331   0.00068   0.00001   0.00000   0.00000   0.00000   0.00000
   0.02123   0.00254   0.00043   0.00000   0.00000   0.00000   0.00000   0.00000
   0.01711   0.00203   0.00030   0.00000   0.00000   0.00000   0.00000   0.00000
   0.01412   0.00166   0.00022   0.00000   0.00000   0.00000   0.00000   0.00000
   0.01188   0.00138   0.00017   0.00000   0.00000   0.00000   0.00000   0.00000
   0.01015   0.00117   0.00014   0.00000   0.00000   0.00000   0.00000   0.00000
   0.00879   0.00101   0.00011   0.00000   0.00000   0.00000   0.00000   0.00000
   0.00768   0.00088   0.00010   0.00000   0.00000   0.00000   0.00000   0.00000
   0.00678   0.00077   0.00008   0.00000   0.00000   0.00000   0.00000   0.00000
   0.00604   0.00068   0.00007   0.00000   0.00000   0.00000   0.00000   0.00000
   0.00541   0.00061   0.00006   0.00000   0.00000   0.00000   0.00000   0.00000
   0.00488   0.00054   0.00005   0.00000   0.00000   0.00000   0.00000   0.00000
   0.00442   0.00049   0.00005   0.00000   0.00000   0.00000   0.00000   0.00000
   0.00403   0.00045   0.00004   0.00000   0.00000   0.00000   0.00000   0.00000
   0.00369   0.00041   0.00004   0.00000   0.00000   0.00000   0.00000   0.00000
   0.00339   0.00037   0.00004   0.00000   0.00000   0.00000   0.00000   0.00000
   0.00312   0.00034   0.00003   0.00000   0.00000   0.00000   0.00000   0.00000
   0.00289   0.00032   0.00003   0.00000   0.00000   0.00000   0.00000   0.00000
   0.01691   0.00179   0.00029   0.00000   0.00000   0.00000   0.00000   0.00000
   0.01209   0.00126   0.00017   0.00000   0.00000   0.00000   0.00000   0.00000
   0.00914   0.00094   0.00011   0.00000   0.00000   0.00000   0.00000   0.00000
   0.00720   0.00073   0.00008   0.00000   0.00000   0.00000   0.00000   0.00000
   0.00582   0.00059   0.00006   0.00000   0.00000   0.00000   0.00000   0.00000
   0.00481   0.00048   0.00005   0.00000   0.00000   0.00000   0.00000   0.00000
   0.00404   0.00040   0.00004   0.00000   0.00000   0.00000   0.00000   0.00000
   0.00344   0.00034   0.00003   0.00000   0.00000   0.00000   0.00000   0.00000
   0.00297   0.00029   0.00003   0.00000   0.00000   0.00000   0.00000   0.00000
   0.00259   0.00025   0.00002   0.00000   0.00000   0.00000   0.00000   0.00000
   0.00227   0.00022   0.00002   0.00000   0.00000   0.00000   0.00000   0.00000
   0.00202   0.00019   0.00002   0.00000   0.00000   0.00000   0.00000   0.00000
   0.00180   0.00017   0.00001   0.00000   0.00000   0.00000   0.00000   0.00000
   0.00161   0.00015   0.00001   0.00000   0.00000   0.00000   0.00000   0.00000
   0.00146   0.00014   0.00001   0.00000   0.00000   0.00000   0.00000   0.00000
   0.00132   0.00013   0.00001   0.00000   0.00000   0.00000   0.00000   0.00000
   0.00120   0.00011   0.00001   0.00000   0.00000   0.00000   0.00000   0.00000
   0.00110   0.00010   0.00001   0.00000   0.00000   0.00000   0.00000   0.00000
   0.00101   0.00010   0.00001   0.00000   0.00000   0.00000   0.00000   0.00000
   0.00134   0.00009   0.00000   0.00000   0.00000   0.00000   0.00000   0.00000
   0.00087   0.00006   0.00000   0.00000   0.00000   0.00000   0.00000   0.00000
   0.00061   0.00004   0.00000   0.00000   0.00000   0.00000   0.00000   0.00000
   0.00045   0.00003   0.00000   0.00000   0.00000   0.00000   0.00000   0.00000
   0.00034   0.00002   0.00000   0.00000   0.00000   0.00000   0.00000   0.00000
   0.00027   0.00002   0.00000   0.00000   0.00000   0.00000   0.00000   0.00000
   0.00021   0.00001   0.00000   0.00000   0.00000   0.00000   0.00000   0.00000
   0.00017   0.00001   0.00000   0.00000   0.00000   0.00000   0.00000   0.00000
   0.00014   0.00001   0.00000   0.00000   0.00000   0.00000   0.00000   0.00000
   0.00012   0.00001   0.00000   0.00000   0.00000   0.00000   0.00000   0.00000
   0.00010   0.00001   0.00000   0.00000   0.00000   0.00000   0.00000   0.00000
   0.00009   0.00001   0.00000   0.00000   0.00000   0.00000   0.00000   0.00000
   0.00008   0.00001   0.00000   0.00000   0.00000   0.00000   0.00000   0.00000
   0.00006   0.00001   0.00000   0.00000   0.00000   0.00000   0.00000   0.00000
   0.00006   0.00001   0.00000   0.00000   0.00000   0.00000   0.00000   0.00000
   0.00005   0.00001   0.00000   0.00000   0.00000   0.00000   0.00000   0.00000
   0.00004   0.00001   0.00000   0.00000   0.00000   0.00000   0.00000   0.00000
   0.00004   0.00001   0.00000   0.00000   0.00000   0.00000   0.00000   0.00000
   0.00003   0.00001   0.00000   0.00000   0.00000   0.00000   0.00000   0.00000

