   0.00195   0.00475  10.30474   0.83897   0.15537   0.00000   0.48248   0.84275
   0.00245   0.00501  22.74874   1.27391   0.59666   0.00000   0.92138   1.27835
   0.00290   0.00525  38.69376   1.80601   1.13404   0.00000   1.45680   1.81101
   0.00332   0.00547  57.55440   2.41978   1.75236   0.18121   2.07346   2.42528
   0.00371   0.00569  78.70570   3.10377   2.44038   0.93212   2.76002   3.10973
   0.00408   0.00589 102.07712   3.85572   3.19596   1.70778   3.51429   3.86210
   0.00444   0.00608 127.07484   4.66182   4.00536   2.53709   4.32252   4.66859
   0.00477   0.00627 153.45285   5.51557   4.86215   3.41204   5.17823   5.52271
   0.00510   0.00645 181.01610   6.41189   5.76127   4.32772   6.07637   6.41937
   0.00541   0.00663 209.54704   7.34520   6.69719   5.27887   7.01138   7.35300
   0.00572   0.00679 238.88373   8.31114   7.66558   6.26135   7.97890   8.31925
   0.00601   0.00696 268.77637   9.30332   8.66005   7.26895   8.97258   9.31172
   0.00629   0.00712 299.03442  10.31650   9.67541   8.29657   9.98718  10.32518
   0.00657   0.00727 329.74854  11.35245  10.71342   9.34607  11.02447  11.36139
   0.00684   0.00742 360.90289  12.41042  11.77334  10.41682  12.08372  12.41962
   0.00710   0.00757 392.02005  13.47797  12.84275  11.49647  13.15248  13.48741
   0.00735   0.00771 423.31967  14.56010  13.92667  12.59007  14.23578  14.56978
   0.00760   0.00785 454.92798  15.65979  15.02805  13.70065  15.33659  15.66970
   0.00785   0.00799 486.13748  16.75830  16.12820  14.80957  16.43617  16.76843
   0.00333   0.00614   9.39194   0.77917   0.13714   0.00000   0.44344   0.78263
   0.00404   0.00652  19.64882   1.14390   0.50830   0.00000   0.81196   1.14783
   0.00468   0.00687  32.26968   1.57604   0.94579   0.00000   1.24727   1.58038
   0.00527   0.00719  46.75418   2.06240   1.43675   0.14321   1.73637   2.06709
   0.00582   0.00749  62.60751   2.59367   1.97210   0.73041   2.27008   2.59868
   0.00634   0.00777  79.77301   3.16791   2.55000   1.32590   2.84651   3.17322
   0.00684   0.00805  97.81029   3.77452   3.15994   1.95312   3.45513   3.78010
   0.00731   0.00831 116.54944   4.40872   3.79720   2.60612   4.09116   4.41455
   0.00776   0.00856 135.86064   5.06686   4.45817   3.28144   4.75101   5.07292
   0.00820   0.00880 155.60034   5.74500   5.13894   3.97541   5.43075   5.75129
   0.00862   0.00903 175.66640   6.44017   5.83657   4.68525   6.12740   6.44667
   0.00902   0.00925 195.89603   7.14793   6.54664   5.40669   6.83656   7.15463
   0.00942   0.00947 216.17055   7.86476   7.26566   6.13632   7.55472   7.87165
   0.00980   0.00968 236.56630   8.59217   7.99513   6.87575   8.28337   8.59924
   0.01017   0.00988 257.08298   9.32984   8.73476   7.62475   9.02224   9.33709
   0.01053   0.01008 277.40414  10.06912   9.47592   8.37475   9.76266  10.07654
   0.01088   0.01027 297.69208  10.81383  10.22241   9.12963  10.50845  10.82141
   0.01122   0.01046 318.04102  11.56625  10.97653   9.89170  11.26190  11.57399
   0.01155   0.01064 337.98416  12.31339  11.72531  10.64805  12.01003  12.32128
   0.00546   0.00795   8.55666   0.72311   0.12065   0.00000   0.40736   0.72640
   0.00647   0.00850  16.96416   1.02699   0.43106   0.00000   0.71492   1.03061
   0.00738   0.00899  26.89989   1.37578   0.78529   0.00000   1.06677   1.37967
   0.00821   0.00945  37.96227   1.75884   1.17303   0.11261   1.45248   1.76298
   0.00898   0.00987  49.77652   2.16904   1.58736   0.56959   1.86502   2.17340
   0.00972   0.01027  62.30912   2.60496   2.02700   1.02457   2.30305   2.60952
   0.01041   0.01065  75.24337   3.05874   2.48415   1.49666   2.75874   3.06348
   0.01107   0.01101  88.47001   3.52702   2.95554   1.98164   3.22878   3.53193
   0.01170   0.01135 101.90923   4.00735   3.43874   2.47724   3.71075   4.01243
   0.01231   0.01168 115.47191   4.49710   3.93115   2.98105   4.20201   4.50232
   0.01289   0.01199 129.09843   4.99431   4.43086   3.49129   4.70065   4.99968
   0.01345   0.01230 142.68712   5.49604   4.93493   4.00516   5.20371   5.50155
   0.01400   0.01259 156.16756   5.99999   5.44109   4.52048   5.70892   6.00562
   0.01452   0.01288 169.60416   6.50748   5.95068   5.03865   6.21761   6.51324
   0.01503   0.01315 183.00574   7.01850   6.46368   5.55972   6.72976   7.02438
   0.01552   0.01342 196.16496   7.52709   6.97416   6.07783   7.23942   7.53308
   0.01600   0.01368 209.20210   8.03618   7.48505   6.59593   7.74954   8.04228
   0.01647   0.01393 222.18738   8.54752   7.99811   7.11584   8.26186   8.55372
   0.01693   0.01418 234.81465   9.05220   8.50444   7.62870   8.76748   9.05850
   0.00719   0.00925   8.10026   0.69183   0.11174   0.00000   0.38750   0.69512
   0.00843   0.00992  15.56164   0.96397   0.39048   0.00000   0.66327   0.96752
   0.00955   0.01053  24.17390   1.27061   0.70263   0.00000   0.97295   1.27438
   0.01057   0.01109  33.59345   1.60263   1.03938   0.09757   1.30758   1.60660
   0.01151   0.01160  43.50859   1.95406   1.39499   0.49118   1.66132   1.95821
   0.01241   0.01209  53.89985   2.32385   1.76855   0.87887   2.03320   2.32817
   0.01325   0.01255  64.51032   2.70549   2.15361   1.27762   2.41672   2.70995
   0.01406   0.01298  75.25906   3.09633   2.54759   1.68406   2.80930   3.10093
   0.01482   0.01339  86.08910   3.49451   2.94867   2.09649   3.20908   3.49924
   0.01556   0.01379  96.93544   3.89796   3.35482   2.51308   3.61403   3.90282
   0.01626   0.01417 107.75695   4.30526   3.76464   2.93254   4.02272   4.31023
   0.01694   0.01453 118.47829   4.71409   4.17584   3.35271   4.43287   4.71917
   0.01760   0.01489 129.04907   5.12271   4.58670   3.77195   4.84273   5.12789
   0.01823   0.01523 139.52747   5.53236   4.99846   4.19157   5.25354   5.53764
   0.01884   0.01555 149.92522   5.94312   5.41123   4.61172   5.66542   5.94850
   0.01944   0.01587 160.08167   6.35026   5.82028   5.02774   6.07361   6.35573
   0.02001   0.01618 170.09723   6.75625   6.22809   5.44216   6.48061   6.76181
   0.02057   0.01648 180.03134   7.16264   6.63622   5.85655   6.88797   7.16828
   0.02112   0.01677 189.64545   7.56226   7.03752   6.26380   7.28851   7.56798
   0.00870   0.01030   7.78952   0.67024   0.10573   0.00000   0.37392   0.67357
   0.01014   0.01109  14.63388   0.92141   0.36357   0.00000   0.62872   0.92498
   0.01143   0.01179  22.40309   1.20078   0.64849   0.00000   0.91110   1.20454
   0.01261   0.01243  30.79351   1.50023   0.95273   0.08801   1.21316   1.50417
   0.01370   0.01302  39.53445   1.81460   1.27133   0.44159   1.52984   1.81870
   0.01473   0.01358  48.61608   2.14308   1.60362   0.78719   1.86039   2.14732
   0.01570   0.01410  57.81852   2.48001   1.94401   1.14044   2.19920   2.48439
   0.01662   0.01460  67.07805   2.82321   2.29037   1.49850   2.54413   2.82770
   0.01750   0.01507  76.35139   3.17114   2.64124   1.86002   2.89366   3.17575
   0.01834   0.01552  85.58774   3.52213   2.99495   2.22353   3.24613   3.52684
   0.01915   0.01595  94.75678   3.87502   3.35040   2.58803   3.60041   3.87984
   0.01993   0.01637 103.79803   4.22792   3.70569   2.95174   3.95462   4.23284
   0.02067   0.01676 112.67277   4.57939   4.05942   3.31334   4.30732   4.58440
   0.02140   0.01715 121.43491   4.93061   4.41278   3.67406   4.65970   4.93571
   0.02210   0.01752 130.09776   5.28173   4.76593   4.03413   5.01193   5.28692
   0.02277   0.01788 138.52704   5.62873   5.11485   4.38960   5.35997   5.63399
   0.02343   0.01823 146.81166   5.97381   5.46178   4.74271   5.70606   5.97916
   0.02407   0.01857 155.00406   6.31838   5.80810   5.09491   6.05159   6.32380
   0.02469   0.01890 162.90463   6.65632   6.14773   5.44012   6.39044   6.66181
   0.01005   0.01120   7.55538   0.65380   0.10123   0.00000   0.36365   0.65720
   0.01167   0.01208  13.94982   0.88955   0.34371   0.00000   0.60303   0.89316
   0.01312   0.01287  21.11500   1.14913   0.60891   0.00000   0.86565   1.15294
   0.01443   0.01358  28.77708   1.42523   0.88983   0.08117   1.14435   1.42920
   0.01566   0.01424  36.69506   1.71325   1.18212   0.40625   1.43467   1.71736
   0.01681   0.01486  44.86610   2.01256   1.48527   0.72210   1.73605   2.01680
   0.01789   0.01544  53.09635   2.31811   1.79431   1.04338   2.04348   2.32248
   0.01892   0.01599  61.33392   2.62803   2.10743   1.36764   2.35513   2.63251
   0.01989   0.01651  69.54469   2.94103   2.42340   1.69375   2.66974   2.94562
   0.02083   0.01701  77.68748   3.25570   2.74082   2.02049   2.98589   3.26039
   0.02172   0.01749  85.73888   3.57108   3.05877   2.34706   3.30266   3.57587
   0.02258   0.01794  93.64872   3.88554   3.37565   2.67194   3.61842   3.89042
   0.02341   0.01838 101.38567   4.19787   3.69026   2.99403   3.93198   4.20283
   0.02421   0.01881 109.00049   4.50918   4.00373   3.31450   4.24445   4.51423
   0.02499   0.01922 116.50704   4.81968   4.31628   3.63364   4.55606   4.82481
   0.02573   0.01961 123.78921   5.12582   4.62436   3.94794   4.86325   5.13102
   0.02646   0.02000 130.92732   5.42963   4.93004   4.25950   5.16806   5.43491
   0.02716   0.02037 137.96928   5.73240   5.23458   4.56962   5.47179   5.73775
   0.02785   0.02073 144.74129   6.02873   5.53261   4.87296   5.76903   6.03414
   0.01559   0.01458   6.86180   0.60411   0.08812   0.00000   0.33309   0.60797
   0.01791   0.01583  12.00302   0.79622   0.28719   0.00000   0.52891   0.80029
   0.01997   0.01694  17.53698   1.00131   0.49810   0.00000   0.73709   1.00555
   0.02184   0.01793  23.27461   1.21426   0.71606   0.06277   0.95271   1.21867
   0.02356   0.01885  29.05490   1.43206   0.93829   0.31175   1.17287   1.43661
   0.02518   0.01970  34.89369   1.65460   1.16481   0.54922   1.39752   1.65928
   0.02669   0.02050  40.66394   1.87842   1.39227   0.78715   1.62328   1.88323
   0.02812   0.02126  46.34280   2.10248   1.61965   1.02404   1.84909   2.10739
   0.02948   0.02197  51.91821   2.32608   1.84634   1.25939   2.07433   2.33111
   0.03077   0.02265  57.37167   2.54846   2.07157   1.49258   2.29823   2.55359
   0.03201   0.02330  62.69605   2.76913   2.29492   1.72328   2.52031   2.77435
   0.03319   0.02392  67.86456   2.98712   2.51542   1.95061   2.73964   2.99244
   0.03433   0.02451  72.86330   3.20177   2.73244   2.17400   2.95554   3.20717
   0.03542   0.02509  77.73354   3.41402   2.94693   2.39446   3.16898   3.41950
   0.03647   0.02564  82.48990   3.62415   3.15919   2.61233   3.38024   3.62972
   0.03749   0.02617  87.05855   3.82981   3.36687   2.82532   3.58697   3.83545
   0.03847   0.02668  91.49846   4.03254   3.57154   3.03499   3.79072   4.03826
   0.03943   0.02717  95.84518   4.23335   3.77419   3.24239   3.99251   4.23914
   0.04035   0.02765  99.98647   4.42857   3.97119   3.44390   4.18867   4.43443
   0.02386   0.01914   6.20742   0.55573   0.07616   0.00000   0.30408   0.56048
   0.02719   0.02089  10.28419   0.70990   0.23765   0.00000   0.46216   0.71493
   0.03012   0.02243  14.49868   0.86954   0.40340   0.00000   0.62506   0.87480
   0.03276   0.02381  18.73262   1.03139   0.57051   0.04801   0.78972   1.03686
   0.03518   0.02508  22.88749   1.19367   0.73745   0.23663   0.95448   1.19933
   0.03743   0.02626  26.99244   1.35666   0.90464   0.41319   1.11971   1.36250
   0.03954   0.02735  30.96924   1.51814   1.06995   0.58740   1.28323   1.52416
   0.04152   0.02838  34.81436   1.67763   1.23294   0.75846   1.44458   1.68380
   0.04339   0.02936  38.52969   1.83488   1.39343   0.92630   1.60356   1.84119
   0.04517   0.03028  42.11097   1.98954   1.55110   1.09072   1.75982   1.99598
   0.04686   0.03115  45.56064   2.14144   1.70582   1.25167   1.91322   2.14801
   0.04848   0.03199  48.86668   2.29007   1.85710   1.40873   2.06326   2.29677
   0.05002   0.03278  52.02520   2.43510   2.00463   1.56165   2.20962   2.44191
   0.05151   0.03355  55.06923   2.57734   2.14922   1.71130   2.35311   2.58426
   0.05293   0.03428  58.01244   2.71708   2.29121   1.85803   2.49404   2.72411
   0.05431   0.03499  60.80869   2.85279   2.42905   2.00035   2.63088   2.85992
   0.05563   0.03567  63.50077   2.98563   2.56393   2.13946   2.76481   2.99286
   0.05691   0.03632  66.11463   3.11638   2.69662   2.27616   2.89659   3.12371
   0.05815   0.03696  68.57877   3.24259   2.82470   2.40805   3.02379   3.25001
   0.03049   0.02258   5.83487   0.52749   0.06962   0.00000   0.28750   0.53299
   0.03458   0.02471   9.36219   0.66176   0.21146   0.00000   0.42584   0.66761
   0.03817   0.02658  12.92239   0.79833   0.35436   0.00000   0.56582   0.80448
   0.04139   0.02825  16.43183   0.93486   0.49635   0.04075   0.70529   0.94128
   0.04433   0.02978  19.82119   1.07016   0.63648   0.19998   0.84318   1.07683
   0.04706   0.03119  23.12483   1.20468   0.77535   0.34737   0.98004   1.21157
   0.04960   0.03250  26.28631   1.33676   0.91139   0.49147   1.11425   1.34386
   0.05199   0.03373  29.30975   1.46615   1.04442   0.63180   1.24559   1.47345
   0.05423   0.03489  32.20228   1.59280   1.17442   0.76845   1.37404   1.60027
   0.05636   0.03598  34.96506   1.71651   1.30126   0.90139   1.49944   1.72416
   0.05839   0.03702  37.60386   1.83728   1.42495   1.03071   1.62177   1.84509
   0.06031   0.03801  40.11234   1.95475   1.54517   1.15615   1.74072   1.96272
   0.06215   0.03895  42.49025   2.06875   1.66175   1.27761   1.85610   2.07686
   0.06391   0.03985  44.76618   2.17999   1.77544   1.39586   1.96865   2.18823
   0.06560   0.04071  46.95271   2.28876   1.88653   1.51124   2.07868   2.29714
   0.06722   0.04154  49.01532   2.39389   1.99387   1.62261   2.18499   2.40240
   0.06879   0.04234  50.98907   2.49636   2.09845   1.73101   2.28859   2.50498
   0.07030   0.04311  52.89544   2.59681   2.20092   1.83710   2.39013   2.60556
   0.07176   0.04385  54.67988   2.69335   2.29939   1.93900   2.48770   2.70221
   0.03625   0.02550   5.57143   0.50723   0.06514   0.00000   0.27575   0.51336
   0.04097   0.02795   8.73703   0.62827   0.19397   0.00000   0.40101   0.63482
   0.04510   0.03009  11.87738   0.74984   0.32205   0.00000   0.52611   0.75675
   0.04880   0.03200  14.93049   0.87016   0.44798   0.03613   0.64947   0.87740
   0.05216   0.03374  17.84471   0.98840   0.57118   0.17673   0.77039   0.99591
   0.05528   0.03534  20.65707   1.10508   0.69233   0.30584   0.88950   1.11287
   0.05817   0.03683  23.32401   1.21890   0.81023   0.43122   1.00552   1.22693
   0.06088   0.03822  25.85369   1.32975   0.92481   0.55259   1.11839   1.33801
   0.06343   0.03953  28.25593   1.43767   1.03618   0.67014   1.22818   1.44614
   0.06584   0.04076  30.53469   1.54257   1.14429   0.78391   1.33482   1.55124
   0.06813   0.04193  32.69736   1.64450   1.24922   0.89407   1.43837   1.65336
   0.07030   0.04304  34.74057   1.74322   1.35077   1.00047   1.53862   1.75227
   0.07237   0.04409  36.66591   1.83864   1.44884   1.10306   1.63547   1.84785
   0.07435   0.04510  38.49898   1.93139   1.54410   1.20255   1.72958   1.94076
   0.07625   0.04606  40.25151   2.02178   1.63688   1.29930   1.82127   2.03131
   0.07807   0.04699  41.89557   2.10882   1.72619   1.39236   1.90954   2.11850
   0.07982   0.04788  43.46149   2.19340   1.81292   1.48263   1.99528   2.20322
   0.08151   0.04874  44.96783   2.27607   1.89767   1.57073   2.07908   2.28603
   0.08313   0.04956  46.36988   2.35525   1.97883   1.65508   2.15933   2.36534
   0.04149   0.02825   5.35912   0.49087   0.06169   0.00000   0.26626   0.49742
   0.04676   0.03098   8.25239   0.60200   0.18077   0.00000   0.38170   0.60900
   0.05134   0.03335  11.08269   0.71250   0.29792   0.00000   0.49580   0.71990
   0.05543   0.03547  13.80358   0.82097   0.41212   0.03276   0.60737   0.82872
   0.05915   0.03738  16.37584   0.92683   0.52304   0.15985   0.71597   0.93489
   0.06258   0.03915  18.83802   1.03067   0.63145   0.27577   0.82229   1.03902
   0.06576   0.04078  21.15543   1.13143   0.73636   0.38774   0.92530   1.14005
   0.06874   0.04231  23.33873   1.22908   0.83782   0.49560   1.02501   1.23795
   0.07153   0.04374  25.39916   1.32373   0.93599   0.59959   1.12156   1.33283
   0.07417   0.04509  27.34246   1.41537   1.03090   0.69984   1.21497   1.42468
   0.07666   0.04636  29.17710   1.50408   1.12267   0.79653   1.30534   1.51360
   0.07903   0.04757  30.90140   1.58969   1.21115   0.88958   1.39251   1.59941
   0.08128   0.04871  32.51793   1.67215   1.29631   0.97900   1.47643   1.68205
   0.08344   0.04981  34.05024   1.75207   1.37878   1.06546   1.55773   1.76214
   0.08550   0.05086  35.50927   1.82973   1.45887   1.14928   1.63671   1.83997
   0.08748   0.05186  36.87117   1.90429   1.53574   1.22967   1.71251   1.91469
   0.08938   0.05282  38.16330   1.97654   1.61018   1.30745   1.78595   1.98709
   0.09121   0.05375  39.40215   2.04701   1.68276   1.38317   1.85756   2.05771
   0.09297   0.05463  40.54940   2.11430   1.75206   1.45547   1.92594   2.12514
   0.06294   0.03930   4.70337   0.43893   0.05154   0.00000   0.23683   0.44739
   0.07021   0.04308   6.84471   0.52217   0.14331   0.00000   0.32474   0.53127
   0.07648   0.04633   8.84766   0.60236   0.23062   0.00000   0.40883   0.61201
   0.08201   0.04919  10.70421   0.67909   0.31348   0.02380   0.48892   0.68922
   0.08699   0.05176  12.40457   0.75235   0.39215   0.11515   0.56513   0.76290
   0.09156   0.05411  13.98867   0.82285   0.46751   0.19677   0.63829   0.83380
   0.09577   0.05627  15.44226   0.89007   0.53915   0.27424   0.70793   0.90138
   0.09968   0.05827  16.78052   0.95421   0.60733   0.34770   0.77428   0.96585
   0.10333   0.06013  18.01706   1.01549   0.67234   0.41750   0.83760   1.02743
   0.10675   0.06187  19.16042   1.07403   0.73435   0.48389   0.89803   1.08626
   0.10997   0.06351  20.21995   1.13001   0.79356   0.54715   0.95578   1.14251
   0.11301   0.06505  21.19762   1.18339   0.84998   0.60732   1.01083   1.19615
   0.11589   0.06651  22.09775   1.23423   0.90367   0.66450   1.06322   1.24722
   0.11863   0.06789  22.93754   1.28300   0.95513   0.71922   1.11346   1.29622
   0.12125   0.06921  23.72552   1.32995   1.00464   0.77179   1.16181   1.34338
   0.12374   0.07046  24.44806   1.37456   1.05167   0.82170   1.20774   1.38820
   0.12612   0.07165  25.12359   1.41740   1.09682   0.86958   1.25185   1.43124
   0.12841   0.07280  25.76330   1.45886   1.14049   0.91582   1.29452   1.47289
   0.13060   0.07390  26.34430   1.49806   1.18179   0.95957   1.33486   1.51226
   0.09497   0.05620   4.02867   0.38351   0.04206   0.00000   0.20623   0.39463
   0.10471   0.06130   5.54361   0.44285   0.11048   0.00000   0.27059   0.45485
   0.11300   0.06561   6.89291   0.49819   0.17337   0.00000   0.33009   0.51093
   0.12024   0.06935   8.09380   0.54974   0.23138   0.01673   0.38521   0.56312
   0.12669   0.07266   9.15397   0.59779   0.28511   0.08021   0.43639   0.61173
   0.13254   0.07566  10.11107   0.64307   0.33550   0.13569   0.48449   0.65753
   0.13788   0.07838  10.96294   0.68543   0.38247   0.18737   0.52939   0.70034
   0.14280   0.08087  11.72521   0.72513   0.42638   0.23554   0.57141   0.74046
   0.14735   0.08317  12.41156   0.76244   0.46758   0.28059   0.61086   0.77815
   0.15159   0.08530  13.03038   0.79754   0.50628   0.32282   0.64795   0.81361
   0.15557   0.08729  13.59003   0.83063   0.54272   0.36251   0.68289   0.84704
   0.15929   0.08915  14.09411   0.86175   0.57697   0.39977   0.71573   0.87847
   0.16278   0.09089  14.54675   0.89099   0.60915   0.43474   0.74658   0.90799
   0.16609   0.09253  14.95990   0.91870   0.63964   0.46784   0.77582   0.93597
   0.16924   0.09408  15.33978   0.94507   0.66864   0.49928   0.80364   0.96261
   0.17221   0.09555  15.67906   0.96982   0.69587   0.52881   0.82975   0.98759
   0.17504   0.09694  15.98942   0.99333   0.72174   0.55685   0.85455   1.01132
   0.17776   0.09826  16.27810   1.01586   0.74654   0.58370   0.87834   1.03408
   0.18033   0.09952  16.53209   1.03689   0.76971   0.60882   0.90054   1.05531
   0.12040   0.06995   3.62693   0.34937   0.03685  -0.00001   0.18787   0.36272
   0.13177   0.07589   4.83397   0.39662   0.09342  -0.00001   0.24031   0.41102
   0.14134   0.08084   5.87577   0.43983   0.14434  -0.00001   0.28780   0.45509
   0.14963   0.08510   6.77809   0.47940   0.19051   0.01335   0.33104   0.49541
   0.15695   0.08883   7.55504   0.51573   0.23262   0.06372   0.37057   0.53238
   0.16356   0.09217   8.24125   0.54951   0.27158   0.10713   0.40722   0.56674
   0.16955   0.09519   8.83889   0.58069   0.30744   0.14710   0.44100   0.59844
   0.17502   0.09793   9.36271   0.60958   0.34059   0.18394   0.47224   0.62779
   0.18007   0.10043   9.82512   0.63643   0.37136   0.21806   0.50126   0.65506
   0.18474   0.10275  10.23402   0.66143   0.39998   0.24975   0.52826   0.68045
   0.18909   0.10488  10.59686   0.68476   0.42668   0.27927   0.55346   0.70415
   0.19315   0.10687  10.91750   0.70649   0.45156   0.30675   0.57692   0.72621
   0.19694   0.10872  11.19916   0.72670   0.47472   0.33233   0.59876   0.74673
   0.20052   0.11045  11.45150   0.74569   0.49649   0.35636   0.61928   0.76600
   0.20390   0.11208  11.67951   0.76362   0.51705   0.37904   0.63867   0.78421
   0.20708   0.11361  11.87815   0.78029   0.53620   0.40018   0.65670   0.80113
   0.21010   0.11505  12.05624   0.79599   0.55427   0.42011   0.67370   0.81707
   0.21299   0.11642  12.21919   0.81094   0.57147   0.43909   0.68990   0.83225
   0.21570   0.11771  12.35743   0.82474   0.58741   0.45671   0.70487   0.84626
   0.14222   0.08199   3.33873   0.32435   0.03331  -0.00001   0.17463   0.33968
   0.15476   0.08849   4.35279   0.36388   0.08225  -0.00001   0.21941   0.38038
   0.16524   0.09387   5.20684   0.39951   0.12565  -0.00001   0.25937   0.41695
   0.17424   0.09844   5.93087   0.43172   0.16449   0.01127   0.29528   0.44998
   0.18215   0.10242   6.54166   0.46094   0.19951   0.05357   0.32773   0.47989
   0.18924   0.10596   7.07153   0.48782   0.23158   0.08966   0.35750   0.50739
   0.19563   0.10913   7.52453   0.51239   0.26082   0.12260   0.38466   0.53250
   0.20144   0.11198   7.91449   0.53492   0.28762   0.15272   0.40955   0.55553
   0.20677   0.11458   8.25281   0.55568   0.31228   0.18040   0.43248   0.57673
   0.21168   0.11696   8.54676   0.57485   0.33505   0.20592   0.45364   0.59629
   0.21624   0.11915   8.80305   0.59258   0.35615   0.22954   0.47324   0.61441
   0.22047   0.12117   9.02525   0.60897   0.37565   0.25138   0.49135   0.63113
   0.22440   0.12304   9.21634   0.62408   0.39369   0.27159   0.50807   0.64654
   0.22809   0.12478   9.38434   0.63817   0.41054   0.29045   0.52368   0.66092
   0.23158   0.12642   9.53342   0.65139   0.42636   0.30817   0.53834   0.67442
   0.23484   0.12794   9.65971   0.66357   0.44100   0.32458   0.55187   0.68684
   0.23793   0.12937   9.77036   0.67496   0.45472   0.33998   0.56455   0.69847
   0.24086   0.13072   9.86969   0.68574   0.46773   0.35457   0.57656   0.70947
   0.24362   0.13198   9.95021   0.69559   0.47970   0.36804   0.58757   0.71953
   0.16165   0.09284   3.11496   0.30458   0.03067   0.00000   0.16432   0.32177
   0.17508   0.09974   3.99381   0.33862   0.07414   0.00000   0.20364   0.35706
   0.18621   0.10539   4.71873   0.36894   0.11223   0.00000   0.23831   0.38839
   0.19573   0.11016   5.32219   0.39605   0.14597   0.00982   0.26912   0.41635
   0.20403   0.11427   5.82217   0.42041   0.17611   0.04654   0.29670   0.44143
   0.21145   0.11791   6.24899   0.44261   0.20348   0.07760   0.32179   0.46428
   0.21809   0.12114   6.60758   0.46273   0.22824   0.10575   0.34449   0.48494
   0.22410   0.12403   6.91136   0.48102   0.25076   0.13132   0.36513   0.50373
   0.22959   0.12665   7.17048   0.49774   0.27135   0.15467   0.38399   0.52090
   0.23463   0.12903   7.39177   0.51305   0.29025   0.17608   0.40129   0.53661
   0.23928   0.13122   7.58139   0.52712   0.30763   0.19578   0.41719   0.55105
   0.24358   0.13322   7.74236   0.54001   0.32361   0.21389   0.43179   0.56427
   0.24757   0.13505   7.87775   0.55181   0.33830   0.23056   0.44518   0.57637
   0.25130   0.13676   7.99427   0.56273   0.35195   0.24606   0.45761   0.58758
   0.25481   0.13835   8.09553   0.57292   0.36471   0.26054   0.46921   0.59802
   0.25808   0.13983   8.17855   0.58222   0.37643   0.27389   0.47984   0.60756
   0.26116   0.14121   8.24908   0.59087   0.38738   0.28636   0.48976   0.61643
   0.26409   0.14250   8.31077   0.59901   0.39772   0.29814   0.49911   0.62479
   0.26682   0.14371   8.35762   0.60637   0.40716   0.30895   0.50761   0.63234
   0.23874   0.13656   2.43307   0.24201   0.02312   0.00000   0.13268   0.26734
   0.25436   0.14401   2.96786   0.26179   0.05208   0.00000   0.15763   0.28847
   0.26694   0.14986   3.37490   0.27863   0.07644   0.00000   0.17869   0.30635
   0.27741   0.15461   3.68921   0.29308   0.09727   0.00615   0.19671   0.32165
   0.28630   0.15856   3.92993   0.30554   0.11526   0.02879   0.21224   0.33476
   0.29407   0.16194   4.12127   0.31648   0.13113   0.04743   0.22591   0.34627
   0.30088   0.16483   4.26914   0.32601   0.14507   0.06389   0.23788   0.35627
   0.30690   0.16733   4.38364   0.33436   0.15742   0.07850   0.24843   0.36501
   0.31229   0.16954   4.47248   0.34172   0.16843   0.09155   0.25779   0.37271
   0.31714   0.17147   4.54050   0.34821   0.17828   0.10326   0.26613   0.37949
   0.32153   0.17319   4.59195   0.35396   0.18714   0.11382   0.27357   0.38549
   0.32552   0.17471   4.62870   0.35903   0.19509   0.12335   0.28022   0.39078
   0.32913   0.17606   4.65289   0.36348   0.20223   0.13195   0.28613   0.39541
   0.33245   0.17728   4.66855   0.36745   0.20873   0.13980   0.29146   0.39954
   0.33552   0.17839   4.67773   0.37102   0.21468   0.14702   0.29632   0.40326
   0.33833   0.17937   4.67874   0.37412   0.22002   0.15355   0.30063   0.40648
   0.34092   0.18026   4.67473   0.37689   0.22490   0.15955   0.30454   0.40934
   0.34334   0.18108   4.66765   0.37940   0.22943   0.16513   0.30814   0.41195
   0.34556   0.18179   4.65446   0.38151   0.23345   0.17014   0.31127   0.41413
   0.34706   0.19651   1.81832   0.18047   0.01673  -0.00001   0.10310   0.21812
   0.36223   0.20200   2.10712   0.18997   0.03473  -0.00001   0.11726   0.22834
   0.37379   0.20585   2.29826   0.19739   0.04909  -0.00002   0.12845   0.23623
   0.38289   0.20866   2.42558   0.20327   0.06079   0.00353   0.13747   0.24237
   0.39019   0.21071   2.50654   0.20789   0.07045   0.01635   0.14477   0.24711
   0.39625   0.21224   2.55879   0.21160   0.07863   0.02653   0.15085   0.25088
   0.40128   0.21335   2.58771   0.21452   0.08552   0.03523   0.15585   0.25378
   0.40546   0.21416   2.60003   0.21679   0.09138   0.04271   0.16001   0.25599
   0.40901   0.21471   2.60077   0.21855   0.09641   0.04920   0.16347   0.25767
   0.41202   0.21507   2.59289   0.21990   0.10075   0.05486   0.16637   0.25890
   0.41458   0.21528   2.57872   0.22091   0.10450   0.05984   0.16879   0.25977
   0.41673   0.21536   2.55931   0.22160   0.10774   0.06419   0.17079   0.26031
   0.41856   0.21530   2.53583   0.22202   0.11053   0.06801   0.17242   0.26057
   0.42012   0.21518   2.51024   0.22225   0.11298   0.07142   0.17378   0.26062
   0.42146   0.21500   2.48344   0.22234   0.11514   0.07448   0.17491   0.26053
   0.42256   0.21473   2.45447   0.22223   0.11698   0.07716   0.17579   0.26025
   0.42348   0.21442   2.42491   0.22201   0.11860   0.07956   0.17650   0.25984
   0.42428   0.21409   2.39555   0.22172   0.12005   0.08175   0.17708   0.25936
   0.42489   0.21368   2.36481   0.22127   0.12125   0.08364   0.17745   0.25872
   0.42675   0.23609   1.51999   0.14610   0.01356   0.00000   0.08705   0.19170
   0.43873   0.23821   1.69520   0.15106   0.02656   0.00000   0.09618   0.19638
   0.44710   0.23909   1.79249   0.15448   0.03649   0.00000   0.10294   0.19938
   0.45314   0.23924   1.84325   0.15680   0.04425   0.00242   0.10801   0.20121
   0.45745   0.23888   1.86240   0.15829   0.05041   0.01107   0.11183   0.20214
   0.46064   0.23822   1.86397   0.15921   0.05544   0.01774   0.11479   0.20253
   0.46291   0.23730   1.85200   0.15963   0.05952   0.02330   0.11702   0.20240
   0.46448   0.23622   1.83150   0.15969   0.06288   0.02797   0.11868   0.20192
   0.46552   0.23503   1.80576   0.15948   0.06565   0.03192   0.11992   0.20120
   0.46612   0.23377   1.77665   0.15907   0.06795   0.03529   0.12081   0.20026
   0.46638   0.23247   1.74551   0.15850   0.06986   0.03817   0.12143   0.19917
   0.46635   0.23113   1.71298   0.15778   0.07144   0.04065   0.12180   0.19795
   0.46605   0.22975   1.67962   0.15695   0.07274   0.04277   0.12197   0.19663
   0.46559   0.22836   1.64654   0.15604   0.07381   0.04461   0.12200   0.19527
   0.46500   0.22699   1.61413   0.15509   0.07471   0.04623   0.12193   0.19390
   0.46422   0.22561   1.58170   0.15408   0.07544   0.04761   0.12172   0.19242
   0.46335   0.22424   1.55009   0.15304   0.07602   0.04882   0.12144   0.19095
   0.46243   0.22289   1.51966   0.15200   0.07652   0.04990   0.12111   0.18951
   0.46137   0.22152   1.48938   0.15090   0.07686   0.05080   0.12068   0.18800
   0.48940   0.26238   1.33993   0.12215   0.01145   0.00001   0.07563   0.17207
   0.49675   0.26076   1.44156   0.12443   0.02141   0.00000   0.08165   0.17302
   0.50088   0.25852   1.48196   0.12557   0.02872   0.00000   0.08573   0.17286
   0.50306   0.25596   1.48895   0.12594   0.03421   0.00178   0.08852   0.17204
   0.50382   0.25322   1.47496   0.12575   0.03840   0.00805   0.09038   0.17072
   0.50371   0.25044   1.45092   0.12525   0.04171   0.01277   0.09163   0.16915
   0.50291   0.24761   1.41978   0.12444   0.04430   0.01661   0.09238   0.16736
   0.50160   0.24483   1.38498   0.12346   0.04633   0.01976   0.09276   0.16542
   0.49996   0.24208   1.34874   0.12234   0.04794   0.02237   0.09287   0.16344
   0.49806   0.23939   1.31211   0.12114   0.04921   0.02455   0.09278   0.16141
   0.49596   0.23677   1.27590   0.11989   0.05022   0.02638   0.09254   0.15939
   0.49370   0.23422   1.24028   0.11860   0.05100   0.02792   0.09216   0.15734
   0.49131   0.23171   1.20548   0.11727   0.05160   0.02920   0.09168   0.15530
   0.48886   0.22929   1.17211   0.11595   0.05205   0.03030   0.09113   0.15331
   0.48638   0.22696   1.14028   0.11465   0.05239   0.03124   0.09054   0.15137
   0.48383   0.22467   1.10942   0.11334   0.05261   0.03201   0.08989   0.14943
   0.48127   0.22245   1.07997   0.11203   0.05275   0.03267   0.08921   0.14755
   0.47875   0.22030   1.05207   0.11076   0.05285   0.03324   0.08853   0.14574
   0.47614   0.21819   1.02500   0.10948   0.05284   0.03369   0.08780   0.14393
   0.53929   0.27890   1.21398   0.10346   0.00981  -0.00001   0.06625   0.15472
   0.54114   0.27361   1.26114   0.10401   0.01766   0.00000   0.07010   0.15300
   0.54051   0.26836   1.26224   0.10371   0.02317  -0.00001   0.07240   0.15072
   0.53845   0.26331   1.24096   0.10293   0.02717   0.00135   0.07372   0.14817
   0.53541   0.25842   1.20707   0.10179   0.03012   0.00606   0.07435   0.14542
   0.53186   0.25378   1.16874   0.10049   0.03235   0.00952   0.07457   0.14268
   0.52793   0.24930   1.12782   0.09905   0.03402   0.01229   0.07445   0.13993
   0.52376   0.24504   1.08665   0.09754   0.03527   0.01449   0.07411   0.13722
   0.51947   0.24098   1.04648   0.09600   0.03621   0.01630   0.07362   0.13456
   0.51513   0.23710   1.00784   0.09447   0.03690   0.01776   0.07301   0.13199
   0.51076   0.23343   0.97101   0.09295   0.03741   0.01898   0.07234   0.12950
   0.50641   0.22989   0.93593   0.09143   0.03776   0.01997   0.07160   0.12709
   0.50206   0.22650   0.90260   0.08994   0.03798   0.02078   0.07080   0.12476
   0.49777   0.22326   0.87128   0.08850   0.03811   0.02146   0.07000   0.12252
   0.49357   0.22018   0.84192   0.08710   0.03817   0.02201   0.06920   0.12038
   0.48940   0.21720   0.81400   0.08572   0.03815   0.02246   0.06837   0.11831
   0.48531   0.21434   0.78775   0.08439   0.03809   0.02283   0.06755   0.11630
   0.48134   0.21162   0.76316   0.08311   0.03800   0.02315   0.06674   0.11437
   0.47738   0.20895   0.73967   0.08184   0.03785   0.02337   0.06592   0.11251
   0.58699   0.28906   1.09215   0.08444   0.00812   0.00000   0.05602   0.13431
   0.58133   0.27958   1.08790   0.08359   0.01405  -0.00001   0.05800   0.13033
   0.57436   0.27102   1.05487   0.08223   0.01801  -0.00001   0.05882   0.12634
   0.56689   0.26325   1.01103   0.08063   0.02076   0.00099   0.05898   0.12252
   0.55907   0.25610   0.96271   0.07888   0.02266   0.00435   0.05870   0.11881
   0.55130   0.24952   0.91517   0.07711   0.02404   0.00678   0.05818   0.11530
   0.54360   0.24336   0.86910   0.07532   0.02500   0.00866   0.05747   0.11199
   0.53601   0.23765   0.82556   0.07356   0.02568   0.01013   0.05666   0.10882
   0.52863   0.23231   0.78499   0.07186   0.02613   0.01130   0.05580   0.10583
   0.52147   0.22731   0.74735   0.07020   0.02641   0.01224   0.05489   0.10306
   0.51454   0.22262   0.71254   0.06862   0.02658   0.01299   0.05398   0.10041
   0.50781   0.21820   0.68025   0.06709   0.02665   0.01358   0.05306   0.09789
   0.50126   0.21401   0.65029   0.06563   0.02663   0.01405   0.05214   0.09551
   0.49497   0.21005   0.62265   0.06422   0.02657   0.01442   0.05124   0.09326
   0.48892   0.20630   0.59713   0.06288   0.02647   0.01473   0.05036   0.09113
   0.48301   0.20271   0.57330   0.06159   0.02632   0.01497   0.04950   0.08910
   0.47731   0.19929   0.55119   0.06034   0.02615   0.01514   0.04866   0.08717
   0.47185   0.19605   0.53070   0.05915   0.02596   0.01527   0.04786   0.08535
   0.46646   0.19294   0.51143   0.05801   0.02575   0.01537   0.04706   0.08358
   0.62061   0.29034   0.98813   0.06862   0.00669  -0.00004   0.04690   0.11481
   0.60721   0.27723   0.94614   0.06695   0.01122  -0.00003   0.04767   0.10953
   0.59391   0.26592   0.89055   0.06505   0.01410  -0.00002   0.04758   0.10467
   0.58114   0.25599   0.83346   0.06309   0.01600   0.00070   0.04708   0.10026
   0.56879   0.24703   0.77809   0.06110   0.01725   0.00319   0.04630   0.09618
   0.55710   0.23896   0.72718   0.05918   0.01809   0.00492   0.04541   0.09246
   0.54590   0.23157   0.68040   0.05735   0.01864   0.00625   0.04445   0.08899
   0.53523   0.22481   0.63792   0.05558   0.01897   0.00726   0.04345   0.08581
   0.52512   0.21857   0.59951   0.05392   0.01915   0.00804   0.04246   0.08286
   0.51549   0.21279   0.56478   0.05236   0.01922   0.00864   0.04148   0.08010
   0.50635   0.20742   0.53337   0.05086   0.01922   0.00911   0.04053   0.07756
   0.49761   0.20241   0.50479   0.04945   0.01915   0.00948   0.03959   0.07520
   0.48922   0.19770   0.47874   0.04812   0.01904   0.00975   0.03868   0.07296
   0.48125   0.19328   0.45502   0.04687   0.01889   0.00997   0.03781   0.07087
   0.47367   0.18913   0.43338   0.04568   0.01872   0.01013   0.03698   0.06892
   0.46636   0.18519   0.41348   0.04453   0.01853   0.01023   0.03618   0.06708
   0.45936   0.18147   0.39520   0.04346   0.01833   0.01031   0.03541   0.06534
   0.45268   0.17797   0.37841   0.04244   0.01813   0.01038   0.03467   0.06370
   0.44619   0.17460   0.36280   0.04147   0.01790   0.01040   0.03396   0.06214
   0.64179   0.28490   0.89191   0.05527   0.00546  -0.00002   0.03877   0.09648
   0.62075   0.26891   0.82319   0.05325   0.00890  -0.00001   0.03871   0.09061
   0.60140   0.25548   0.75364   0.05115   0.01098  -0.00002   0.03810   0.08548
   0.58370   0.24390   0.68985   0.04912   0.01228   0.00053   0.03723   0.08095
   0.56720   0.23367   0.63225   0.04713   0.01309   0.00235   0.03623   0.07691
   0.55196   0.22457   0.58159   0.04529   0.01360   0.00359   0.03520   0.07327
   0.53770   0.21637   0.53677   0.04358   0.01388   0.00450   0.03415   0.06995
   0.52439   0.20890   0.49720   0.04197   0.01401   0.00520   0.03312   0.06697
   0.51196   0.20209   0.46224   0.04044   0.01404   0.00571   0.03214   0.06425
   0.50030   0.19583   0.43128   0.03903   0.01400   0.00610   0.03121   0.06174
   0.48933   0.19007   0.40376   0.03772   0.01391   0.00640   0.03030   0.05944
   0.47896   0.18474   0.37907   0.03648   0.01379   0.00664   0.02944   0.05731
   0.46914   0.17975   0.35694   0.03533   0.01364   0.00678   0.02862   0.05533
   0.45988   0.17509   0.33699   0.03425   0.01346   0.00690   0.02784   0.05350
   0.45112   0.17075   0.31898   0.03323   0.01328   0.00698   0.02711   0.05182
   0.44271   0.16667   0.30262   0.03229   0.01310   0.00704   0.02640   0.05020
   0.43474   0.16282   0.28770   0.03140   0.01290   0.00706   0.02573   0.04871
   0.42719   0.15919   0.27409   0.03055   0.01270   0.00708   0.02510   0.04732
   0.41988   0.15575   0.26159   0.02975   0.01250   0.00707   0.02449   0.04600
   0.65185   0.27447   0.79962   0.04401   0.00442  -0.00002   0.03156   0.07962
   0.62362   0.25627   0.71320   0.04188   0.00702  -0.00002   0.03104   0.07373
   0.59873   0.24126   0.63624   0.03979   0.00853  -0.00002   0.03016   0.06873
   0.57660   0.22857   0.57041   0.03787   0.00943   0.00038   0.02914   0.06442
   0.55649   0.21745   0.51382   0.03603   0.00993   0.00173   0.02809   0.06066
   0.53824   0.20769   0.46569   0.03435   0.01022   0.00264   0.02707   0.05732
   0.52141   0.19901   0.42431   0.03282   0.01035   0.00330   0.02606   0.05433
   0.50591   0.19117   0.38863   0.03141   0.01037   0.00376   0.02511   0.05166
   0.49159   0.18407   0.35770   0.03010   0.01033   0.00412   0.02420   0.04925
   0.47830   0.17760   0.33077   0.02889   0.01025   0.00437   0.02336   0.04705
   0.46593   0.17167   0.30712   0.02777   0.01012   0.00456   0.02256   0.04507
   0.45431   0.16621   0.28623   0.02675   0.00998   0.00469   0.02182   0.04323
   0.44338   0.16115   0.26770   0.02580   0.00981   0.00479   0.02110   0.04157
   0.43313   0.15645   0.25118   0.02491   0.00965   0.00485   0.02044   0.04001
   0.42352   0.15208   0.23640   0.02408   0.00950   0.00488   0.01982   0.03857
   0.41440   0.14798   0.22311   0.02328   0.00931   0.00491   0.01923   0.03726
   0.40576   0.14414   0.21110   0.02255   0.00914   0.00491   0.01867   0.03603
   0.39760   0.14056   0.20023   0.02187   0.00898   0.00491   0.01816   0.03486
   0.38979   0.13714   0.19029   0.02122   0.00880   0.00489   0.01765   0.03378
   0.65194   0.26037   0.71031   0.03460   0.00353  -0.00002   0.02531   0.06456
   0.61722   0.24060   0.61373   0.03252   0.00550  -0.00002   0.02455   0.05900
   0.58745   0.22456   0.53438   0.03058   0.00658  -0.00002   0.02358   0.05440
   0.56156   0.21116   0.46983   0.02882   0.00719   0.00028   0.02257   0.05052
   0.53837   0.19964   0.41641   0.02723   0.00751   0.00127   0.02157   0.04713
   0.51763   0.18955   0.37222   0.02577   0.00765   0.00194   0.02061   0.04423
   0.49876   0.18066   0.33508   0.02447   0.00771   0.00239   0.01971   0.04163
   0.48157   0.17269   0.30366   0.02327   0.00768   0.00273   0.01887   0.03933
   0.46584   0.16555   0.27691   0.02217   0.00759   0.00298   0.01809   0.03727
   0.45134   0.15907   0.25387   0.02118   0.00748   0.00315   0.01736   0.03542
   0.43794   0.15316   0.23397   0.02025   0.00736   0.00327   0.01668   0.03378
   0.42548   0.14774   0.21656   0.01942   0.00722   0.00335   0.01605   0.03226
   0.41380   0.14275   0.20130   0.01865   0.00708   0.00339   0.01547   0.03087
   0.40292   0.13815   0.18783   0.01794   0.00693   0.00342   0.01492   0.02960
   0.39276   0.13389   0.17587   0.01728   0.00677   0.00344   0.01440   0.02845
   0.38315   0.12992   0.16516   0.01667   0.00663   0.00344   0.01392   0.02735
   0.37411   0.12620   0.15558   0.01609   0.00649   0.00343   0.01347   0.02635
   0.36561   0.12273   0.14697   0.01555   0.00634   0.00341   0.01305   0.02544
   0.35749   0.11946   0.13913   0.01505   0.00621   0.00339   0.01265   0.02456
   0.64326   0.24365   0.62446   0.02677   0.00280   0.00004   0.02000   0.05145
   0.60281   0.22298   0.52383   0.02493   0.00425   0.00003   0.01913   0.04644
   0.56888   0.20646   0.44587   0.02327   0.00501   0.00004   0.01816   0.04236
   0.53985   0.19282   0.38492   0.02175   0.00543   0.00025   0.01722   0.03897
   0.51427   0.18115   0.33603   0.02040   0.00560   0.00096   0.01633   0.03609
   0.49164   0.17105   0.29644   0.01919   0.00566   0.00143   0.01549   0.03363
   0.47129   0.16219   0.26386   0.01810   0.00567   0.00175   0.01472   0.03144
   0.45289   0.15433   0.23678   0.01712   0.00559   0.00197   0.01399   0.02956
   0.43617   0.14731   0.21402   0.01622   0.00551   0.00213   0.01334   0.02786
   0.42089   0.14098   0.19473   0.01541   0.00541   0.00223   0.01274   0.02635
   0.40685   0.13525   0.17818   0.01469   0.00529   0.00231   0.01218   0.02500
   0.39384   0.13003   0.16390   0.01405   0.00517   0.00236   0.01167   0.02375
   0.38178   0.12522   0.15148   0.01342   0.00505   0.00239   0.01120   0.02265
   0.37058   0.12081   0.14060   0.01286   0.00492   0.00240   0.01076   0.02164
   0.36017   0.11674   0.13101   0.01235   0.00480   0.00241   0.01035   0.02070
   0.35035   0.11295   0.12251   0.01187   0.00468   0.00239   0.00997   0.01986
   0.34115   0.10943   0.11493   0.01143   0.00456   0.00238   0.00962   0.01908
   0.33254   0.10616   0.10813   0.01101   0.00445   0.00236   0.00930   0.01836
   0.32438   0.10308   0.10204   0.01062   0.00434   0.00234   0.00899   0.01767
   0.62660   0.22561   0.54304   0.02069   0.00204  -0.00014   0.01540   0.04026
   0.58153   0.20448   0.44303   0.01901   0.00313  -0.00014   0.01459   0.03594
   0.54437   0.18781   0.36909   0.01756   0.00371  -0.00011   0.01373   0.03246
   0.51298   0.17417   0.31317   0.01628   0.00399   0.00005   0.01292   0.02960
   0.48568   0.16266   0.26948   0.01515   0.00411   0.00060   0.01215   0.02721
   0.46175   0.15277   0.23484   0.01415   0.00413   0.00096   0.01145   0.02518
   0.44041   0.14414   0.20686   0.01325   0.00410   0.00118   0.01081   0.02342
   0.42124   0.13657   0.18387   0.01248   0.00404   0.00135   0.01023   0.02187
   0.40397   0.12980   0.16486   0.01177   0.00396   0.00147   0.00970   0.02052
   0.38828   0.12373   0.14891   0.01113   0.00387   0.00155   0.00923   0.01933
   0.37393   0.11829   0.13537   0.01057   0.00377   0.00159   0.00878   0.01826
   0.36076   0.11335   0.12382   0.01004   0.00367   0.00162   0.00839   0.01727
   0.34859   0.10880   0.11381   0.00958   0.00357   0.00163   0.00801   0.01640
   0.33734   0.10466   0.10512   0.00914   0.00347   0.00164   0.00767   0.01561
   0.32691   0.10085   0.09753   0.00873   0.00336   0.00165   0.00736   0.01490
   0.31715   0.09732   0.09083   0.00836   0.00327   0.00165   0.00707   0.01425
   0.30802   0.09404   0.08490   0.00803   0.00318   0.00163   0.00680   0.01364
   0.29949   0.09100   0.07962   0.00771   0.00310   0.00160   0.00654   0.01308
   0.29140   0.08816   0.07489   0.00744   0.00302   0.00159   0.00631   0.01255
   0.60362   0.20616   0.46640   0.01546   0.00162  -0.00003   0.01181   0.03099
   0.55478   0.18516   0.37067   0.01410   0.00240  -0.00003   0.01105   0.02734
   0.51515   0.16879   0.30265   0.01291   0.00278  -0.00003   0.01029   0.02448
   0.48204   0.15555   0.25263   0.01193   0.00296   0.00009   0.00960   0.02215
   0.45364   0.14439   0.21443   0.01102   0.00302   0.00047   0.00896   0.02022
   0.42889   0.13492   0.18471   0.01025   0.00301   0.00071   0.00839   0.01858
   0.40707   0.12669   0.16106   0.00954   0.00297   0.00088   0.00788   0.01718
   0.38763   0.11949   0.14194   0.00893   0.00291   0.00099   0.00741   0.01596
   0.37019   0.11312   0.12628   0.00838   0.00283   0.00106   0.00699   0.01492
   0.35440   0.10747   0.11328   0.00790   0.00274   0.00110   0.00662   0.01397
   0.34008   0.10236   0.10238   0.00747   0.00267   0.00113   0.00628   0.01314
   0.32697   0.09775   0.09310   0.00710   0.00258   0.00114   0.00597   0.01238
   0.31492   0.09357   0.08517   0.00673   0.00250   0.00115   0.00568   0.01173
   0.30382   0.08974   0.07833   0.00641   0.00243   0.00115   0.00542   0.01113
   0.29358   0.08624   0.07238   0.00612   0.00236   0.00114   0.00519   0.01056
   0.28403   0.08299   0.06716   0.00586   0.00228   0.00114   0.00496   0.01007
   0.27515   0.08000   0.06256   0.00560   0.00221   0.00113   0.00475   0.00962
   0.26688   0.07723   0.05847   0.00536   0.00214   0.00112   0.00457   0.00920
   0.25909   0.07464   0.05485   0.00514   0.00208   0.00110   0.00439   0.00882
   0.57500   0.18653   0.39581   0.01147   0.00120  -0.00005   0.00886   0.02343
   0.52348   0.16604   0.30686   0.01037   0.00178  -0.00003   0.00820   0.02045
   0.48225   0.15021   0.24577   0.00942   0.00204  -0.00004   0.00757   0.01813
   0.44826   0.13752   0.20199   0.00862   0.00216   0.00006   0.00701   0.01628
   0.41929   0.12694   0.16924   0.00792   0.00218   0.00034   0.00650   0.01478
   0.39430   0.11800   0.14417   0.00734   0.00216   0.00051   0.00605   0.01348
   0.37243   0.11031   0.12455   0.00679   0.00213   0.00062   0.00565   0.01239
   0.35307   0.10358   0.10885   0.00630   0.00206   0.00069   0.00528   0.01149
   0.33578   0.09768   0.09615   0.00590   0.00200   0.00074   0.00497   0.01066
   0.32024   0.09244   0.08571   0.00556   0.00194   0.00077   0.00468   0.00993
   0.30620   0.08777   0.07701   0.00524   0.00188   0.00079   0.00444   0.00931
   0.29339   0.08356   0.06966   0.00497   0.00181   0.00080   0.00419   0.00874
   0.28172   0.07974   0.06344   0.00469   0.00175   0.00080   0.00397   0.00824
   0.27100   0.07625   0.05812   0.00445   0.00169   0.00079   0.00378   0.00779
   0.26113   0.07307   0.05351   0.00424   0.00163   0.00079   0.00360   0.00738
   0.25197   0.07014   0.04947   0.00403   0.00157   0.00078   0.00343   0.00703
   0.24347   0.06745   0.04594   0.00384   0.00152   0.00077   0.00328   0.00669
   0.23557   0.06496   0.04282   0.00368   0.00147   0.00076   0.00315   0.00637
   0.22816   0.06265   0.04006   0.00352   0.00142   0.00074   0.00302   0.00609
   0.54192   0.16692   0.33163   0.00833   0.00090   0.00001   0.00657   0.01738
   0.48875   0.14731   0.25111   0.00745   0.00131   0.00000   0.00601   0.01502
   0.44676   0.13230   0.19744   0.00673   0.00150   0.00000   0.00550   0.01320
   0.41252   0.12033   0.15986   0.00610   0.00156   0.00007   0.00505   0.01179
   0.38360   0.11048   0.13233   0.00557   0.00157   0.00026   0.00466   0.01061
   0.35882   0.10219   0.11157   0.00513   0.00155   0.00036   0.00431   0.00962
   0.33726   0.09506   0.09550   0.00475   0.00151   0.00045   0.00400   0.00880
   0.31831   0.08891   0.08284   0.00440   0.00145   0.00049   0.00372   0.00810
   0.30149   0.08352   0.07268   0.00411   0.00140   0.00052   0.00348   0.00750
   0.28648   0.07874   0.06440   0.00382   0.00136   0.00054   0.00327   0.00697
   0.27293   0.07450   0.05754   0.00362   0.00130   0.00056   0.00306   0.00650
   0.26068   0.07070   0.05181   0.00340   0.00126   0.00056   0.00289   0.00608
   0.24951   0.06727   0.04699   0.00321   0.00121   0.00055   0.00274   0.00572
   0.23931   0.06415   0.04288   0.00304   0.00116   0.00055   0.00260   0.00539
   0.22997   0.06131   0.03935   0.00288   0.00112   0.00055   0.00247   0.00509
   0.22132   0.05871   0.03627   0.00273   0.00108   0.00053   0.00235   0.00483
   0.21331   0.05633   0.03358   0.00261   0.00104   0.00052   0.00224   0.00458
   0.20588   0.05413   0.03121   0.00251   0.00100   0.00051   0.00213   0.00435
   0.19895   0.05209   0.02914   0.00239   0.00097   0.00051   0.00205   0.00414
   0.50534   0.14783   0.27417   0.00586   0.00069   0.00006   0.00480   0.01269
   0.45156   0.12933   0.20295   0.00523   0.00099   0.00004   0.00435   0.01082
   0.40955   0.11531   0.15680   0.00471   0.00109   0.00005   0.00394   0.00944
   0.37569   0.10422   0.12516   0.00422   0.00112   0.00008   0.00359   0.00839
   0.34723   0.09517   0.10241   0.00389   0.00112   0.00021   0.00329   0.00746
   0.32312   0.08759   0.08546   0.00356   0.00110   0.00028   0.00302   0.00672
   0.30231   0.08110   0.07254   0.00325   0.00107   0.00033   0.00280   0.00613
   0.28402   0.07554   0.06246   0.00301   0.00102   0.00036   0.00258   0.00563
   0.26794   0.07070   0.05445   0.00280   0.00098   0.00039   0.00240   0.00518
   0.25364   0.06640   0.04797   0.00259   0.00094   0.00039   0.00225   0.00481
   0.24084   0.06263   0.04265   0.00243   0.00090   0.00040   0.00211   0.00447
   0.22929   0.05925   0.03826   0.00227   0.00085   0.00040   0.00197   0.00418
   0.21878   0.05621   0.03456   0.00214   0.00083   0.00039   0.00187   0.00390
   0.20921   0.05345   0.03142   0.00203   0.00079   0.00038   0.00177   0.00365
   0.20047   0.05095   0.02873   0.00194   0.00076   0.00037   0.00167   0.00343
   0.19243   0.04867   0.02641   0.00182   0.00073   0.00037   0.00159   0.00325
   0.18502   0.04658   0.02439   0.00172   0.00070   0.00037   0.00151   0.00308
   0.17817   0.04465   0.02262   0.00165   0.00068   0.00036   0.00143   0.00293
   0.17179   0.04287   0.02106   0.00157   0.00065   0.00035   0.00137   0.00279
   0.46628   0.12970   0.22370   0.00417   0.00049   0.00001   0.00339   0.00905
   0.41283   0.11249   0.16205   0.00368   0.00068   0.00002   0.00305   0.00766
   0.37164   0.09956   0.12311   0.00325   0.00076   0.00001   0.00275   0.00664
   0.33861   0.08943   0.09695   0.00294   0.00078   0.00004   0.00249   0.00581
   0.31121   0.08119   0.07843   0.00265   0.00078   0.00013   0.00226   0.00518
   0.28807   0.07436   0.06482   0.00242   0.00076   0.00019   0.00208   0.00464
   0.26823   0.06854   0.05459   0.00219   0.00073   0.00022   0.00191   0.00421
   0.25091   0.06357   0.04669   0.00204   0.00070   0.00024   0.00176   0.00384
   0.23573   0.05928   0.04045   0.00191   0.00066   0.00025   0.00163   0.00351
   0.22233   0.05550   0.03546   0.00176   0.00063   0.00025   0.00152   0.00324
   0.21038   0.05216   0.03138   0.00164   0.00061   0.00026   0.00142   0.00300
   0.19962   0.04919   0.02803   0.00154   0.00058   0.00026   0.00132   0.00279
   0.18990   0.04652   0.02523   0.00144   0.00054   0.00025   0.00124   0.00261
   0.18108   0.04412   0.02287   0.00136   0.00052   0.00025   0.00117   0.00245
   0.17304   0.04195   0.02085   0.00129   0.00051   0.00025   0.00111   0.00230
   0.16569   0.03997   0.01912   0.00120   0.00049   0.00024   0.00105   0.00218
   0.15891   0.03815   0.01762   0.00113   0.00046   0.00024   0.00099   0.00206
   0.15266   0.03649   0.01631   0.00108   0.00044   0.00023   0.00093   0.00195
   0.14686   0.03496   0.01516   0.00103   0.00042   0.00022   0.00089   0.00185
   0.42565   0.11254   0.17998   0.00288   0.00035   0.00002   0.00237   0.00633
   0.37345   0.09678   0.12769   0.00251   0.00048   0.00003   0.00211   0.00531
   0.33360   0.08506   0.09546   0.00226   0.00051   0.00002   0.00187   0.00455
   0.30200   0.07594   0.07420   0.00201   0.00053   0.00005   0.00168   0.00399
   0.27594   0.06859   0.05939   0.00182   0.00050   0.00009   0.00152   0.00351
   0.25413   0.06248   0.04867   0.00163   0.00049   0.00013   0.00138   0.00317
   0.23547   0.05738   0.04067   0.00149   0.00047   0.00015   0.00126   0.00285
   0.21935   0.05301   0.03456   0.00138   0.00045   0.00016   0.00115   0.00256
   0.20526   0.04922   0.02979   0.00128   0.00043   0.00016   0.00106   0.00235
   0.19287   0.04592   0.02598   0.00118   0.00041   0.00015   0.00098   0.00215
   0.18186   0.04303   0.02291   0.00110   0.00039   0.00016   0.00092   0.00200
   0.17202   0.04045   0.02038   0.00103   0.00037   0.00016   0.00086   0.00184
   0.16315   0.03815   0.01829   0.00096   0.00035   0.00015   0.00080   0.00172
   0.15513   0.03607   0.01652   0.00091   0.00033   0.00015   0.00075   0.00160
   0.14785   0.03420   0.01502   0.00086   0.00032   0.00016   0.00072   0.00149
   0.14120   0.03252   0.01374   0.00080   0.00030   0.00016   0.00067   0.00142
   0.13508   0.03097   0.01263   0.00075   0.00029   0.00015   0.00063   0.00134
   0.12947   0.02955   0.01167   0.00072   0.00028   0.00014   0.00060   0.00126
   0.12426   0.02825   0.01083   0.00069   0.00027   0.00014   0.00057   0.00119
   0.38432   0.09654   0.14250   0.00189   0.00027   0.00004   0.00165   0.00432
   0.33409   0.08230   0.09906   0.00167   0.00033   0.00004   0.00144   0.00359
   0.29619   0.07180   0.07288   0.00146   0.00036   0.00004   0.00127   0.00307
   0.26635   0.06371   0.05592   0.00131   0.00037   0.00005   0.00114   0.00264
   0.24192   0.05721   0.04431   0.00117   0.00036   0.00007   0.00103   0.00233
   0.22160   0.05187   0.03599   0.00106   0.00034   0.00010   0.00092   0.00208
   0.20436   0.04740   0.02986   0.00095   0.00033   0.00011   0.00085   0.00186
   0.18955   0.04359   0.02521   0.00088   0.00030   0.00011   0.00077   0.00168
   0.17666   0.04032   0.02160   0.00080   0.00029   0.00012   0.00071   0.00153
   0.16540   0.03749   0.01876   0.00073   0.00028   0.00011   0.00065   0.00141
   0.15543   0.03500   0.01647   0.00067   0.00027   0.00011   0.00061   0.00128
   0.14651   0.03280   0.01461   0.00065   0.00026   0.00012   0.00057   0.00116
   0.13852   0.03083   0.01307   0.00060   0.00024   0.00012   0.00053   0.00110
   0.13133   0.02907   0.01178   0.00055   0.00022   0.00012   0.00050   0.00103
   0.12483   0.02749   0.01068   0.00051   0.00021   0.00011   0.00046   0.00097
   0.11888   0.02606   0.00975   0.00048   0.00021   0.00011   0.00044   0.00090
   0.11344   0.02476   0.00895   0.00046   0.00020   0.00011   0.00042   0.00085
   0.10846   0.02358   0.00825   0.00043   0.00019   0.00010   0.00039   0.00080
   0.10385   0.02249   0.00764   0.00041   0.00018   0.00010   0.00038   0.00075
   0.34311   0.08191   0.11112   0.00123   0.00017   0.00004   0.00110   0.00292
   0.29554   0.06921   0.07565   0.00104   0.00025   0.00003   0.00097   0.00239
   0.25992   0.05992   0.05478   0.00092   0.00026   0.00003   0.00086   0.00200
   0.23221   0.05280   0.04152   0.00080   0.00026   0.00004   0.00076   0.00173
   0.20966   0.04713   0.03257   0.00071   0.00025   0.00006   0.00068   0.00152
   0.19104   0.04252   0.02623   0.00062   0.00025   0.00007   0.00061   0.00133
   0.17533   0.03866   0.02161   0.00056   0.00024   0.00008   0.00056   0.00120
   0.16187   0.03541   0.01815   0.00053   0.00022   0.00009   0.00051   0.00107
   0.15025   0.03263   0.01548   0.00048   0.00021   0.00010   0.00047   0.00097
   0.14011   0.03022   0.01338   0.00043   0.00020   0.00010   0.00043   0.00089
   0.13118   0.02812   0.01170   0.00040   0.00019   0.00009   0.00040   0.00081
   0.12326   0.02626   0.01035   0.00037   0.00017   0.00009   0.00037   0.00075
   0.11616   0.02462   0.00923   0.00036   0.00017   0.00009   0.00035   0.00068
   0.10981   0.02315   0.00830   0.00033   0.00016   0.00009   0.00033   0.00064
   0.10408   0.02183   0.00751   0.00030   0.00015   0.00009   0.00031   0.00060
   0.09885   0.02065   0.00684   0.00028   0.00014   0.00008   0.00028   0.00056
   0.09408   0.01957   0.00627   0.00027   0.00013   0.00008   0.00026   0.00053
   0.08972   0.01859   0.00577   0.00026   0.00013   0.00008   0.00025   0.00050
   0.08573   0.01769   0.00534   0.00024   0.00013   0.00008   0.00024   0.00046
   0.30286   0.06877   0.08531   0.00086   0.00008  -0.00002   0.00067   0.00190
   0.25845   0.05761   0.05703   0.00074   0.00011  -0.00002   0.00059   0.00156
   0.22559   0.04954   0.04072   0.00064   0.00013  -0.00001   0.00052   0.00130
   0.20023   0.04339   0.03053   0.00056   0.00014   0.00000   0.00046   0.00109
   0.17976   0.03852   0.02373   0.00048   0.00014   0.00001   0.00041   0.00097
   0.16294   0.03458   0.01898   0.00043   0.00013   0.00003   0.00037   0.00087
   0.14880   0.03131   0.01554   0.00041   0.00012   0.00003   0.00032   0.00075
   0.13680   0.02855   0.01298   0.00037   0.00012   0.00004   0.00030   0.00067
   0.12647   0.02622   0.01103   0.00034   0.00011   0.00004   0.00027   0.00062
   0.11750   0.02419   0.00950   0.00031   0.00010   0.00004   0.00024   0.00056
   0.10966   0.02243   0.00829   0.00028   0.00010   0.00004   0.00023   0.00050
   0.10267   0.02089   0.00730   0.00027   0.00009   0.00004   0.00021   0.00047
   0.09648   0.01953   0.00650   0.00026   0.00009   0.00004   0.00020   0.00043
   0.09094   0.01831   0.00583   0.00024   0.00008   0.00004   0.00018   0.00040
   0.08595   0.01723   0.00527   0.00022   0.00008   0.00004   0.00017   0.00037
   0.08143   0.01625   0.00479   0.00021   0.00007   0.00004   0.00016   0.00035
   0.07732   0.01536   0.00438   0.00019   0.00007   0.00003   0.00015   0.00033
   0.07358   0.01456   0.00403   0.00018   0.00006   0.00003   0.00014   0.00031
   0.07013   0.01383   0.00372   0.00017   0.00006   0.00003   0.00013   0.00029
   0.26376   0.05680   0.06410   0.00047   0.00009   0.00004   0.00046   0.00120
   0.22297   0.04717   0.04207   0.00042   0.00010   0.00003   0.00040   0.00096
   0.19309   0.04025   0.02961   0.00037   0.00011   0.00002   0.00035   0.00080
   0.17021   0.03504   0.02196   0.00032   0.00010   0.00002   0.00030   0.00069
   0.15188   0.03093   0.01692   0.00028   0.00010   0.00003   0.00026   0.00061
   0.13692   0.02762   0.01343   0.00026   0.00008   0.00004   0.00023   0.00052
   0.12443   0.02490   0.01093   0.00025   0.00008   0.00004   0.00021   0.00046
   0.11390   0.02261   0.00909   0.00021   0.00008   0.00004   0.00019   0.00041
   0.10485   0.02067   0.00769   0.00020   0.00007   0.00003   0.00017   0.00037
   0.09704   0.01901   0.00660   0.00018   0.00007   0.00004   0.00015   0.00035
   0.09021   0.01757   0.00574   0.00016   0.00006   0.00003   0.00014   0.00032
   0.08422   0.01630   0.00505   0.00015   0.00006   0.00003   0.00013   0.00028
   0.07889   0.01520   0.00448   0.00014   0.00006   0.00003   0.00012   0.00026
   0.07412   0.01421   0.00401   0.00013   0.00005   0.00003   0.00011   0.00023
   0.06985   0.01333   0.00362   0.00013   0.00005   0.00003   0.00010   0.00021
   0.06599   0.01254   0.00329   0.00013   0.00005   0.00002   0.00010   0.00020
   0.06250   0.01183   0.00300   0.00012   0.00004   0.00002   0.00009   0.00019
   0.05933   0.01118   0.00276   0.00011   0.00004   0.00002   0.00008   0.00018
   0.05641   0.01060   0.00254   0.00010   0.00004   0.00002   0.00008   0.00017
   0.22667   0.04629   0.04727   0.00027   0.00007   0.00004   0.00030   0.00073
   0.18977   0.03809   0.03043   0.00024   0.00007   0.00003   0.00025   0.00059
   0.16305   0.03225   0.02112   0.00020   0.00007   0.00003   0.00022   0.00049
   0.14273   0.02789   0.01549   0.00016   0.00007   0.00002   0.00019   0.00042
   0.12657   0.02448   0.01183   0.00015   0.00007   0.00003   0.00017   0.00035
   0.11346   0.02175   0.00933   0.00014   0.00006   0.00003   0.00015   0.00031
   0.10260   0.01950   0.00755   0.00012   0.00006   0.00002   0.00013   0.00028
   0.09348   0.01763   0.00625   0.00011   0.00005   0.00003   0.00012   0.00024
   0.08571   0.01605   0.00527   0.00009   0.00005   0.00003   0.00010   0.00022
   0.07899   0.01470   0.00451   0.00010   0.00005   0.00003   0.00009   0.00020
   0.07316   0.01354   0.00391   0.00008   0.00004   0.00002   0.00009   0.00019
   0.06804   0.01253   0.00343   0.00009   0.00004   0.00003   0.00008   0.00016
   0.06352   0.01164   0.00304   0.00008   0.00004   0.00002   0.00007   0.00015
   0.05950   0.01085   0.00272   0.00008   0.00003   0.00002   0.00007   0.00014
   0.05591   0.01015   0.00245   0.00007   0.00004   0.00002   0.00006   0.00013
   0.05268   0.00952   0.00222   0.00006   0.00003   0.00002   0.00006   0.00012
   0.04976   0.00896   0.00203   0.00006   0.00003   0.00002   0.00005   0.00011
   0.04712   0.00845   0.00186   0.00005   0.00003   0.00002   0.00005   0.00010
   0.04470   0.00798   0.00171   0.00005   0.00003   0.00002   0.00005   0.00010
   0.19218   0.03728   0.03418   0.00018   0.00002   0.00001   0.00016   0.00045
   0.15933   0.03038   0.02162   0.00016   0.00003   0.00000   0.00013   0.00037
   0.13580   0.02553   0.01482   0.00014   0.00004   0.00000   0.00011   0.00029
   0.11802   0.02193   0.01076   0.00013   0.00003   0.00001   0.00010   0.00024
   0.10403   0.01913   0.00815   0.00011   0.00003   0.00001   0.00008   0.00020
   0.09277   0.01690   0.00639   0.00009   0.00002   0.00001   0.00007   0.00019
   0.08346   0.01509   0.00515   0.00007   0.00003   0.00001   0.00006   0.00016
   0.07567   0.01358   0.00425   0.00008   0.00002   0.00001   0.00006   0.00014
   0.06908   0.01231   0.00357   0.00007   0.00002   0.00001   0.00005   0.00013
   0.06344   0.01124   0.00305   0.00006   0.00002   0.00001   0.00005   0.00011
   0.05854   0.01031   0.00264   0.00006   0.00002   0.00001   0.00004   0.00010
   0.05426   0.00951   0.00231   0.00006   0.00002   0.00001   0.00004   0.00009
   0.05049   0.00880   0.00204   0.00005   0.00002   0.00001   0.00004   0.00009
   0.04714   0.00818   0.00182   0.00005   0.00002   0.00001   0.00003   0.00008
   0.04416   0.00763   0.00164   0.00005   0.00001   0.00001   0.00003   0.00007
   0.04151   0.00714   0.00148   0.00004   0.00001   0.00001   0.00003   0.00007
   0.03910   0.00670   0.00135   0.00004   0.00001   0.00001   0.00003   0.00006
   0.03693   0.00631   0.00124   0.00004   0.00001   0.00001   0.00003   0.00005
   0.03494   0.00595   0.00114   0.00004   0.00001   0.00001   0.00003   0.00005
   0.16016   0.02939   0.02404   0.00006   0.00004   0.00003   0.00011   0.00024
   0.13146   0.02373   0.01495   0.00007   0.00004   0.00002   0.00010   0.00019
   0.11109   0.01977   0.01011   0.00005   0.00003   0.00002   0.00008   0.00017
   0.09586   0.01687   0.00727   0.00005   0.00002   0.00001   0.00006   0.00013
   0.08394   0.01462   0.00547   0.00004   0.00003   0.00001   0.00006   0.00012
   0.07440   0.01285   0.00426   0.00003   0.00003   0.00002   0.00005   0.00011
   0.06658   0.01141   0.00342   0.00004   0.00002   0.00001   0.00005   0.00008
   0.06009   0.01022   0.00281   0.00002   0.00002   0.00001   0.00004   0.00008
   0.05460   0.00923   0.00235   0.00003   0.00002   0.00001   0.00004   0.00007
   0.04993   0.00839   0.00200   0.00002   0.00002   0.00001   0.00003   0.00006
   0.04589   0.00766   0.00173   0.00002   0.00001   0.00001   0.00003   0.00006
   0.04238   0.00704   0.00151   0.00002   0.00001   0.00001   0.00003   0.00005
   0.03930   0.00650   0.00134   0.00001   0.00001   0.00001   0.00002   0.00005
   0.03658   0.00602   0.00119   0.00002   0.00001   0.00001   0.00002   0.00005
   0.03416   0.00560   0.00107   0.00002   0.00001   0.00001   0.00002   0.00004
   0.03200   0.00523   0.00097   0.00002   0.00001   0.00001   0.00002   0.00004
   0.03006   0.00489   0.00088   0.00002   0.00001   0.00001   0.00002   0.00003
   0.02832   0.00459   0.00081   0.00002   0.00001   0.00001   0.00002   0.00003
   0.02673   0.00432   0.00074   0.00001   0.00001   0.00001   0.00002   0.00003
   0.10558   0.01734   0.01100   0.00003   0.00000  -0.00001   0.00003   0.00008
   0.08488   0.01372   0.00661   0.00002   0.00000   0.00000   0.00002   0.00005
   0.07046   0.01123   0.00436   0.00002   0.00001   0.00000   0.00002   0.00004
   0.05986   0.00944   0.00308   0.00002   0.00001   0.00000   0.00002   0.00004
   0.05172   0.00808   0.00229   0.00001   0.00000   0.00000   0.00001   0.00003
   0.04530   0.00701   0.00177   0.00001   0.00001   0.00001   0.00002   0.00003
   0.04010   0.00616   0.00141   0.00001   0.00001   0.00000   0.00001   0.00002
   0.03581   0.00546   0.00115   0.00001   0.00000   0.00000   0.00001   0.00002
   0.03223   0.00489   0.00096   0.00001   0.00000   0.00000   0.00001   0.00002
   0.02922   0.00440   0.00082   0.00000   0.00001   0.00000   0.00001   0.00002
   0.02664   0.00399   0.00070   0.00000   0.00000   0.00000   0.00001   0.00002
   0.02441   0.00364   0.00061   0.00001   0.00000   0.00000   0.00001   0.00001
   0.02247   0.00334   0.00054   0.00000   0.00000   0.00000   0.00001   0.00001
   0.02077   0.00307   0.00048   0.00000   0.00000   0.00000   0.00001   0.00001
   0.01928   0.00284   0.00043   0.00001   0.00000   0.00000   0.00001   0.00001
   0.01795   0.00263   0.00039   0.00001   0.00000   0.00000   0.00001   0.00001
   0.01676   0.00245   0.00035   0.00001   0.00000   0.00000   0.00001   0.00001
   0.01570   0.00229   0.00032   0.00001   0.00000   0.00000   0.00001   0.00001
   0.01474   0.00214   0.00030   0.00000   0.00000   0.00000   0.00001   0.00001
   0.06373   0.00928   0.00438   0.00000   0.00000   0.00000   0.00000   0.00003
   0.05005   0.00718   0.00256   0.00002   0.00000   0.00000   0.00000   0.00001
   0.04077   0.00578   0.00165   0.00001   0.00000   0.00000   0.00000   0.00001
   0.03409   0.00478   0.00115   0.00000   0.00000   0.00000   0.00000   0.00001
   0.02901   0.00403   0.00085   0.00001   0.00000   0.00000   0.00000   0.00000
   0.02508   0.00345   0.00065   0.00000   0.00000   0.00000   0.00000   0.00001
   0.02193   0.00300   0.00052   0.00000   0.00000   0.00000   0.00000   0.00001
   0.01937   0.00263   0.00042   0.00000   0.00000   0.00000   0.00000   0.00000
   0.01726   0.00233   0.00035   0.00000   0.00000   0.00000   0.00000   0.00000
   0.01549   0.00208   0.00030   0.00000   0.00000   0.00000   0.00000   0.00000
   0.01401   0.00187   0.00026   0.00000   0.00000   0.00000   0.00000   0.00000
   0.01273   0.00169   0.00022   0.00000   0.00000   0.00000   0.00000   0.00000
   0.01163   0.00154   0.00020   0.00000   0.00000   0.00000   0.00000   0.00000
   0.01067   0.00141   0.00017   0.00000   0.00000   0.00000   0.00000   0.00000
   0.00983   0.00129   0.00016   0.00000   0.00000   0.00000   0.00000   0.00000
   0.00909   0.00119   0.00014   0.00000   0.00000   0.00000   0.00000   0.00000
   0.00844   0.00110   0.00013   0.00000   0.00000   0.00000   0.00000   0.00000
   0.00785   0.00102   0.00012   0.00000   0.00000   0.00000   0.00000   0.00000
   0.00733   0.00095   0.00011   0.00000   0.00000   0.00000   0.00000   0.00000
   0.03422   0.00437   0.00145   0.00000   0.00000   0.00000   0.00000   0.00000
   0.02620   0.00330   0.00083   0.00001   0.00000   0.00000   0.00000   0.00000
   0.02089   0.00260   0.00053   0.00000   0.00000   0.00000   0.00000   0.00000
   0.01713   0.00211   0.00037   0.00001   0.00000   0.00000   0.00000   0.00000
   0.01435   0.00175   0.00027   0.00001   0.00000   0.00000   0.00000   0.00000
   0.01222   0.00148   0.00021   0.00000   0.00000   0.00000   0.00000   0.00000
   0.01054   0.00127   0.00016   0.00000   0.00000   0.00000   0.00000   0.00000
   0.00920   0.00110   0.00013   0.00000   0.00000   0.00000   0.00000   0.00000
   0.00811   0.00096   0.00011   0.00000   0.00000   0.00000   0.00000   0.00000
   0.00720   0.00085   0.00009   0.00000   0.00000   0.00000   0.00000   0.00000
   0.00644   0.00076   0.00008   0.00000   0.00000   0.00000   0.00000   0.00000
   0.00580   0.00068   0.00007   0.00000   0.00000   0.00000   0.00000   0.00000
   0.00525   0.00061   0.00006   0.00000   0.00000   0.00000   0.00000   0.00000
   0.00478   0.00055   0.00005   0.00000   0.00000   0.00000   0.00000   0.00000
   0.00437   0.00051   0.00005   0.00000   0.00000   0.00000   0.00000   0.00000
   0.00401   0.00046   0.00004   0.00000   0.00000   0.00000   0.00000   0.00000
   0.00370   0.00042   0.00004   0.00000   0.00000   0.00000   0.00000   0.00000
   0.00342   0.00039   0.00004   0.00000   0.00000   0.00000   0.00000   0.00000
   0.00317   0.00036   0.00003   0.00000   0.00000   0.00000   0.00000   0.00000
   0.01548   0.00170   0.00037   0.00000   0.00000   0.00000   0.00000   0.00000
   0.01152   0.00125   0.00021   0.00000   0.00000   0.00000   0.00000   0.00000
   0.00896   0.00096   0.00013   0.00000   0.00000   0.00000   0.00000   0.00000
   0.00719   0.00076   0.00009   0.00000   0.00000   0.00000   0.00000   0.00000
   0.00591   0.00062   0.00007   0.00000   0.00000   0.00000   0.00000   0.00000
   0.00495   0.00052   0.00005   0.00000   0.00000   0.00000   0.00000   0.00000
   0.00420   0.00044   0.00004   0.00000   0.00000   0.00000   0.00000   0.00000
   0.00361   0.00037   0.00003   0.00000   0.00000   0.00000   0.00000   0.00000
   0.00314   0.00032   0.00003   0.00000   0.00000   0.00000   0.00000   0.00000
   0.00276   0.00028   0.00002   0.00000   0.00000   0.00000   0.00000   0.00000
   0.00244   0.00025   0.00002   0.00000   0.00000   0.00000   0.00000   0.00000
   0.00217   0.00022   0.00002   0.00000   0.00000   0.00000   0.00000   0.00000
   0.00195   0.00020   0.00002   0.00000   0.00000   0.00000   0.00000   0.00000
   0.00175   0.00018   0.00001   0.00000   0.00000   0.00000   0.00000   0.00000
   0.00159   0.00016   0.00001   0.00000   0.00000   0.00000   0.00000   0.00000
   0.00145   0.00014   0.00001   0.00000   0.00000   0.00000   0.00000   0.00000
   0.00132   0.00013   0.00001   0.00000   0.00000   0.00000   0.00000   0.00000
   0.00121   0.00012   0.00001   0.00000   0.00000   0.00000   0.00000   0.00000
   0.00111   0.00011   0.00001   0.00000   0.00000   0.00000   0.00000   0.00000
   0.00119   0.00009   0.00001   0.00000   0.00000   0.00000   0.00000   0.00000
   0.00081   0.00006   0.00001   0.00000   0.00000   0.00000   0.00000   0.00000
   0.00059   0.00004   0.00000   0.00000   0.00000   0.00000   0.00000   0.00000
   0.00044   0.00003   0.00000   0.00000   0.00000   0.00000   0.00000   0.00000
   0.00034   0.00002   0.00000   0.00000   0.00000   0.00000   0.00000   0.00000
   0.00027   0.00002   0.00000   0.00000   0.00000   0.00000   0.00000   0.00000
   0.00022   0.00002   0.00000   0.00000   0.00000   0.00000   0.00000   0.00000
   0.00018   0.00001   0.00000   0.00000   0.00000   0.00000   0.00000   0.00000
   0.00015   0.00001   0.00000   0.00000   0.00000   0.00000   0.00000   0.00000
   0.00013   0.00001   0.00000   0.00000   0.00000   0.00000   0.00000   0.00000
   0.00011   0.00001   0.00000   0.00000   0.00000   0.00000   0.00000   0.00000
   0.00010   0.00001   0.00000   0.00000   0.00000   0.00000   0.00000   0.00000
   0.00008   0.00001   0.00000   0.00000   0.00000   0.00000   0.00000   0.00000
   0.00007   0.00001   0.00000   0.00000   0.00000   0.00000   0.00000   0.00000
   0.00006   0.00001   0.00000   0.00000   0.00000   0.00000   0.00000   0.00000
   0.00006   0.00001   0.00000   0.00000   0.00000   0.00000   0.00000   0.00000
   0.00005   0.00001   0.00000   0.00000   0.00000   0.00000   0.00000   0.00000
   0.00004   0.00001   0.00000   0.00000   0.00000   0.00000   0.00000   0.00000
   0.00004   0.00001   0.00000   0.00000   0.00000   0.00000   0.00000   0.00000

