   0.00474   0.00363 105.20667   3.38287   0.30745   0.00000   1.86600   3.39947
   0.00517   0.00380 121.16353   4.24797   1.27579   0.00001   2.78413   4.26519
   0.00557   0.00395 138.75592   5.11115   2.22680   0.00002   3.69250   5.12894
   0.00594   0.00410 157.75523   5.97252   3.16435   0.00001   4.59312   5.99085
   0.00629   0.00425 177.87869   6.83674   4.09564   0.14925   5.49195   6.85557
   0.00662   0.00439 198.93768   7.70980   5.02859   0.92479   6.39593   7.72909
   0.00694   0.00452 220.85381   8.59461   5.96762   1.97792   7.30878   8.61436
   0.00724   0.00465 243.50656   9.49181   6.91431   2.99075   8.23158   9.51201
   0.00753   0.00478 266.77148  10.40060   7.86857   4.01220   9.16391  10.42123
   0.00781   0.00490 290.55444  11.32081   8.83074   5.03527  10.10586  11.34183
   0.00808   0.00502 314.77856  12.25117   9.80005   6.06144  11.05640  12.27258
   0.00834   0.00514 339.32031  13.18602  10.77122   7.08568  12.01009  13.20786
   0.00860   0.00526 364.14795  14.13060  11.74976   8.11388  12.97228  14.15279
   0.00884   0.00537 389.24976  15.08508  12.73609   9.14683  13.94328  15.10761
   0.00908   0.00548 414.43823  16.04021  13.72123  10.17600  14.91399  16.06311
   0.00932   0.00559 439.81250  17.00414  14.71346  11.20982  15.89262  17.02740
   0.00955   0.00570 465.27539  17.97191  15.70803  12.24380  16.87430  17.99550
   0.00977   0.00580 490.74780  18.94206  16.70360  13.27682  17.85767  18.96600
   0.00999   0.00591 516.31274  19.91797  17.70364  14.31248  18.84610  19.94223
   0.00683   0.00483  74.55249   2.57252   0.22193   0.00000   1.40853   2.58222
   0.00742   0.00507  86.23500   3.19392   0.91734   0.00000   2.06769   3.20396
   0.00797   0.00530  98.92352   3.81089   1.59730   0.00001   2.71685   3.82126
   0.00847   0.00552 112.43947   4.42376   2.26482   0.00001   3.35767   4.43443
   0.00895   0.00573 126.58798   5.03572   2.92491   0.10560   3.99427   5.04666
   0.00940   0.00593 141.24376   5.65085   3.58305   0.65255   4.63144   5.66205
   0.00982   0.00612 156.35168   6.27119   4.24232   1.39282   5.27175   6.28265
   0.01023   0.00631 171.83012   6.89708   4.90378   2.10131   5.91589   6.90878
   0.01063   0.00649 187.59732   7.52796   5.56734   2.81259   6.56356   7.53990
   0.01101   0.00666 203.59380   8.16373   6.23331   3.52181   7.21484   8.17590
   0.01137   0.00683 219.77072   8.80358   6.90118   4.23006   7.86909   8.81601
   0.01173   0.00700 236.03085   9.44334   7.56708   4.93363   8.52229   9.45599
   0.01207   0.00716 252.38057  10.08700   8.23518   5.63700   9.17852  10.09986
   0.01241   0.00732 268.81860  10.73486   8.90599   6.34090   9.83819  10.74792
   0.01273   0.00748 285.19336  11.38000   9.57275   7.03892  10.49446  11.39326
   0.01305   0.00763 301.60645  12.02873  10.24188   7.73756  11.15369  12.04218
   0.01336   0.00777 317.98486  12.67747  10.90994   8.43359  11.81239  12.69112
   0.01366   0.00792 334.27686  13.32524  11.57604   9.12626  12.46959  13.33912
   0.01396   0.00806 350.55249  13.97468  12.24290   9.81837  13.12800  13.98872
   0.00981   0.00643  52.83357   1.95700   0.15981  -0.00001   1.06382   1.96251
   0.01062   0.00679  61.37857   2.40251   0.65822   0.00000   1.53612   2.40820
   0.01137   0.00712  70.52628   2.84290   1.14366   0.00001   1.99935   2.84878
   0.01206   0.00744  80.13821   3.27844   1.61827   0.00000   2.45471   3.28448
   0.01271   0.00774  90.07974   3.71125   2.08553   0.07462   2.90501   3.71745
   0.01332   0.00802 100.26997   4.14415   2.54921   0.45994   3.35354   4.15049
   0.01390   0.00830 110.67050   4.57849   3.01142   0.97970   3.80205   4.58496
   0.01446   0.00856 121.22859   5.01450   3.47291   1.47465   4.25101   5.02111
   0.01499   0.00882 131.89154   5.45177   3.93359   1.96928   4.70019   5.45851
   0.01551   0.00906 142.62386   5.89030   4.39376   2.46021   5.14972   5.89717
   0.01601   0.00930 153.39543   6.32957   4.85312   2.94828   5.59922   6.33656
   0.01649   0.00953 164.13260   6.76648   5.30877   3.43072   6.04567   6.77359
   0.01695   0.00976 174.85992   7.20417   5.76400   3.91101   6.49229   7.21138
   0.01740   0.00998 185.58228   7.64293   6.21922   4.38976   6.93943   7.65026
   0.01784   0.01020 196.18077   8.07762   6.66944   4.86220   7.38204   8.08508
   0.01827   0.01040 206.74886   8.51312   7.11959   5.33332   7.82500   8.52070
   0.01868   0.01061 217.23164   8.94685   7.56719   5.80080   8.26579   8.95454
   0.01909   0.01081 227.59798   9.37814   8.01164   6.26412   8.70379   9.38593
   0.01948   0.01100 237.90340   9.80905   8.45509   6.72551   9.14108   9.81694
   0.01211   0.00760  43.19687   1.66822   0.13173   0.00000   0.90319   1.67223
   0.01309   0.00805  50.31007   2.03458   0.54152   0.00000   1.29146   2.03874
   0.01399   0.00847  57.86238   2.39590   0.93982   0.00001   1.67143   2.40019
   0.01482   0.00886  65.73433   2.75232   1.32835   0.00000   2.04406   2.75674
   0.01559   0.00923  73.81813   3.10554   1.70984   0.06087   2.41156   3.11006
   0.01633   0.00958  82.05162   3.45776   2.08736   0.37461   2.77656   3.46239
   0.01702   0.00991  90.40471   3.81010   2.46260   0.79698   3.14048   3.81483
   0.01769   0.01024  98.83658   4.16271   2.83614   1.19798   3.50366   4.16754
   0.01833   0.01055 107.30779   4.51529   3.20796   1.59762   3.86597   4.52021
   0.01895   0.01085 115.79259   4.86784   3.57830   1.99319   4.22752   4.87285
   0.01954   0.01114 124.26961   5.21998   3.94696   2.38539   4.58801   5.22508
   0.02011   0.01143 132.67622   5.56915   4.31155   2.77192   4.94498   5.57434
   0.02067   0.01170 141.04211   5.91801   4.67483   3.15575   5.30114   5.92328
   0.02121   0.01197 149.37447   6.26689   5.03725   3.53746   5.65687   6.27224
   0.02173   0.01223 157.57074   6.61146   5.39460   3.91301   6.00790   6.61690
   0.02223   0.01248 165.71786   6.95591   5.75110   4.28670   6.35845   6.96142
   0.02273   0.01273 173.76973   7.29809   6.10470   4.65659   6.70641   7.30367
   0.02321   0.01297 181.70335   7.63750   6.45496   5.02231   7.05131   7.64317
   0.02368   0.01320 189.56662   7.97591   6.80368   5.38575   7.39495   7.98165
   0.01406   0.00856  37.44693   1.48991   0.11480   0.00000   0.80446   1.49323
   0.01517   0.00909  43.69106   1.80867   0.47130   0.00000   1.14219   1.81210
   0.01620   0.00957  50.28206   2.12254   0.81732   0.00000   1.47224   2.12608
   0.01714   0.01003  57.11266   2.43161   1.15431   0.00000   1.79535   2.43526
   0.01803   0.01046  64.09100   2.73729   1.48458   0.05266   2.11340   2.74104
   0.01886   0.01086  71.16570   3.04146   1.81074   0.32376   2.42864   3.04529
   0.01965   0.01125  78.31183   3.34506   2.13426   0.68819   2.74227   3.34898
   0.02041   0.01163  85.49580   3.64822   2.45564   1.03343   3.05460   3.65222
   0.02114   0.01199  92.68576   3.95070   2.77486   1.37683   3.36551   3.95479
   0.02184   0.01233  99.86163   4.25252   3.09215   1.71604   3.67512   4.25668
   0.02251   0.01267 107.00671   4.55336   3.40737   2.05171   3.98321   4.55760
   0.02316   0.01299 114.06580   4.85099   3.71841   2.38183   4.28759   4.85530
   0.02378   0.01331 121.07054   5.14780   4.02778   2.70904   4.59072   5.15217
   0.02439   0.01361 128.02887   5.44409   4.33587   3.03389   4.89296   5.44854
   0.02498   0.01391 134.84953   5.73608   4.63897   3.35281   5.19054   5.74060
   0.02556   0.01420 141.61372   6.02748   4.94087   3.66963   5.48723   6.03205
   0.02611   0.01448 148.28059   6.31643   5.23978   3.98269   5.78120   6.32107
   0.02665   0.01476 154.83165   6.60255   5.53534   4.29168   6.07208   6.60725
   0.02718   0.01503 161.31081   6.88738   5.82916   4.59828   6.36144   6.89215
   0.01578   0.00940  33.52054   1.36509   0.10315   0.00000   0.73558   1.36804
   0.01701   0.00999  39.16364   1.65114   0.42307   0.00000   1.03862   1.65420
   0.01815   0.01054  45.09344   1.93248   0.73326   0.00000   1.33444   1.93565
   0.01919   0.01105  51.21114   2.20915   1.03496   0.00000   1.62367   2.21242
   0.02017   0.01153  57.43585   2.48234   1.33022   0.04706   1.90794   2.48569
   0.02109   0.01198  63.72350   2.75373   1.62135   0.28907   2.18923   2.75717
   0.02197   0.01242  70.05261   3.02414   1.90964   0.61402   2.46862   3.02766
   0.02280   0.01284  76.39458   3.29370   2.19555   0.92134   2.74639   3.29730
   0.02360   0.01324  82.72253   3.56219   2.47907   1.22654   3.02242   3.56586
   0.02437   0.01362  89.02026   3.82964   2.76041   1.52754   3.29685   3.83338
   0.02511   0.01400  95.27409   4.09579   3.03948   1.82495   3.56948   4.09960
   0.02583   0.01436 101.43393   4.35864   3.31437   2.11695   3.83837   4.36252
   0.02652   0.01471 107.53255   4.62036   3.58737   2.40596   4.10576   4.62430
   0.02719   0.01505 113.57819   4.88126   3.85887   2.69248   4.37198   4.88526
   0.02784   0.01538 119.48749   5.13792   4.12551   2.97331   4.63365   5.14198
   0.02847   0.01570 125.33711   5.39372   4.39075   3.25194   4.89419   5.39784
   0.02908   0.01601 131.09000   5.64704   4.65301   3.52688   5.15200   5.65121
   0.02967   0.01632 136.73061   5.89749   4.91195   3.79787   5.40671   5.90172
   0.03026   0.01662 142.29996   6.14653   5.16907   4.06644   5.65980   6.15081
   0.02254   0.01258  23.76790   1.04198   0.07388   0.00000   0.55837   1.04469
   0.02424   0.01343  27.88596   1.24603   0.30216   0.00000   0.77452   1.24888
   0.02579   0.01422  32.15172   1.44603   0.52280   0.00000   0.98483   1.44900
   0.02723   0.01495  36.48993   1.64185   0.73655   0.00000   1.18959   1.64492
   0.02856   0.01564  40.84645   1.83424   0.94474   0.03314   1.38987   1.83741
   0.02981   0.01628  45.19539   2.02432   1.14897   0.20301   1.58701   2.02759
   0.03101   0.01690  49.52376   2.21267   1.35015   0.43027   1.78176   2.21603
   0.03214   0.01748  53.81523   2.39938   1.54858   0.64401   1.97431   2.40282
   0.03323   0.01805  58.05467   2.58431   1.74430   0.85522   2.16463   2.58783
   0.03427   0.01859  62.23500   2.76754   1.93751   1.06246   2.35283   2.77113
   0.03527   0.01911  66.34991   2.94892   2.12817   1.26622   2.53884   2.95259
   0.03623   0.01961  70.36275   3.12702   2.31492   1.46519   2.72125   3.13074
   0.03716   0.02010  74.30632   3.30350   2.49951   1.66121   2.90177   3.30728
   0.03806   0.02057  78.18915   3.47863   2.68227   1.85470   3.08070   3.48248
   0.03893   0.02102  81.94872   3.64993   2.86075   2.04331   3.25558   3.65384
   0.03977   0.02147  85.64809   3.81996   3.03758   2.22970   3.42900   3.82393
   0.04059   0.02190  89.26041   3.98755   3.21161   2.41279   3.59980   3.99157
   0.04139   0.02232  92.77730   4.15248   3.38266   2.59243   3.76777   4.15655
   0.04216   0.02272  96.22998   4.31584   3.55185   2.76980   3.93404   4.31997
   0.03213   0.01697  16.86401   0.79917   0.05285   0.00000   0.42657   0.80284
   0.03446   0.01820  19.86559   0.94435   0.21549   0.00000   0.58048   0.94821
   0.03659   0.01932  22.92682   1.08612   0.37217   0.00000   0.72971   1.09016
   0.03855   0.02036  25.99207   1.22426   0.52328   0.00000   0.87433   1.22846
   0.04037   0.02133  29.02663   1.35924   0.66969   0.02328   1.01502   1.36358
   0.04208   0.02224  32.01698   1.49180   0.81250   0.14218   1.15270   1.49627
   0.04369   0.02310  34.95654   1.62236   0.95236   0.30061   1.28790   1.62696
   0.04523   0.02393  37.83714   1.75099   1.08950   0.44873   1.42079   1.75570
   0.04669   0.02471  40.65182   1.87763   1.22397   0.59428   1.55134   1.88245
   0.04810   0.02546  43.39896   2.00237   1.35597   0.73632   1.67970   2.00729
   0.04944   0.02619  46.07690   2.12515   1.48551   0.87523   1.80585   2.13017
   0.05073   0.02688  48.65976   2.24495   1.61161   1.01008   1.92879   2.25006
   0.05198   0.02755  51.17711   2.36303   1.73561   1.14226   2.04983   2.36824
   0.05318   0.02820  53.63704   2.47966   1.85780   1.27213   2.16923   2.48495
   0.05434   0.02883  55.99368   2.59302   1.97641   1.39798   2.28520   2.59838
   0.05546   0.02943  58.29735   2.70503   2.09339   1.52180   2.39969   2.71048
   0.05655   0.03002  60.52895   2.81488   2.20795   1.64285   2.51190   2.82040
   0.05761   0.03059  62.68413   2.92245   2.32000   1.76105   2.62169   2.92804
   0.05863   0.03114  64.78665   3.02855   2.43037   1.87728   2.72993   3.03421
   0.03947   0.02036  13.80465   0.68729   0.04343   0.00000   0.36635   0.69198
   0.04229   0.02187  16.29749   0.80606   0.17675   0.00000   0.49243   0.81100
   0.04485   0.02325  18.81380   0.92175   0.30487   0.00000   0.61437   0.92691
   0.04719   0.02452  21.30786   1.03411   0.42805   0.00000   0.73217   1.03947
   0.04937   0.02570  23.75412   1.14349   0.54698   0.01890   0.84635   1.14903
   0.05141   0.02681  26.14452   1.25049   0.66255   0.11520   0.95765   1.25619
   0.05334   0.02786  28.47552   1.35546   0.77530   0.24317   1.06653   1.36131
   0.05517   0.02886  30.74246   1.45846   0.88543   0.36236   1.17311   1.46446
   0.05691   0.02981  32.94174   1.55948   0.99302   0.47906   1.27743   1.56561
   0.05857   0.03072  35.07402   1.65860   1.09824   0.59254   1.37961   1.66486
   0.06017   0.03159  37.13947   1.75581   1.20112   0.70314   1.47967   1.76219
   0.06170   0.03243  39.11719   1.85028   1.30089   0.81010   1.57680   1.85677
   0.06317   0.03323  41.03441   1.94308   1.39867   0.91462   1.67210   1.94969
   0.06459   0.03401  42.89870   2.03444   1.49472   1.01699   1.76582   2.04115
   0.06595   0.03476  44.67230   2.12290   1.58760   1.11583   1.85649   2.12971
   0.06728   0.03548  46.39841   2.21006   1.67895   1.21281   1.94576   2.21696
   0.06856   0.03618  48.06181   2.29526   1.76813   1.30733   2.03296   2.30226
   0.06980   0.03686  49.65973   2.37842   1.85506   1.39933   2.11801   2.38550
   0.07100   0.03752  51.21216   2.46023   1.94048   1.48957   2.20163   2.46739
   0.04566   0.02327  11.98151   0.61958   0.03778   0.00000   0.33006   0.62516
   0.04887   0.02502  14.16578   0.72248   0.15352   0.00000   0.43945   0.72835
   0.05178   0.02661  16.35237   0.82250   0.26453   0.00000   0.54503   0.82862
   0.05445   0.02808  18.50237   0.91938   0.37098   0.00000   0.64674   0.92573
   0.05692   0.02944  20.59581   1.01340   0.47346   0.01628   0.74504   1.01996
   0.05923   0.03071  22.62811   1.10510   0.57276   0.09908   0.84058   1.11185
   0.06140   0.03191  24.59756   1.19477   0.66933   0.20888   0.93374   1.20169
   0.06347   0.03305  26.50163   1.28249   0.76339   0.31083   1.02467   1.28958
   0.06544   0.03414  28.33871   1.36826   0.85500   0.41037   1.11339   1.37551
   0.06731   0.03518  30.11067   1.45218   0.94434   0.50691   1.20004   1.45957
   0.06911   0.03617  31.81856   1.53424   1.03146   0.60075   1.28467   1.54177
   0.07082   0.03712  33.44487   1.61375   1.11568   0.69125   1.36656   1.62140
   0.07248   0.03803  35.01474   1.69165   1.19802   0.77946   1.44670   1.69943
   0.07407   0.03891  36.53555   1.76816   1.27872   0.86566   1.52533   1.77606
   0.07560   0.03976  37.97437   1.84201   1.35651   0.94866   1.60117   1.85002
   0.07708   0.04058  39.37004   1.91462   1.43286   1.02992   1.67567   1.92274
   0.07851   0.04137  40.70947   1.98542   1.50722   1.10892   1.74827   1.99364
   0.07990   0.04214  41.99072   2.05436   1.57953   1.18566   1.81891   2.06267
   0.08124   0.04288  43.23154   2.12203   1.65044   1.26077   1.88823   2.13045
   0.05104   0.02602  10.73932   0.57570   0.03392   0.00000   0.30622   0.58179
   0.05459   0.02798  12.71148   0.66770   0.13761   0.00000   0.40414   0.67410
   0.05780   0.02977  14.67019   0.75691   0.23683   0.00000   0.49841   0.76359
   0.06074   0.03140  16.58112   0.84311   0.33174   0.00001   0.58902   0.85002
   0.06346   0.03291  18.42950   0.92653   0.42288   0.01450   0.67635   0.93366
   0.06600   0.03433  20.21327   1.00763   0.51092   0.08796   0.76096   1.01497
   0.06839   0.03566  21.93221   1.08671   0.59631   0.18520   0.84323   1.09424
   0.07066   0.03692  23.58543   1.16387   0.67927   0.27525   0.92332   1.17157
   0.07281   0.03812  25.17284   1.23911   0.75986   0.36297   1.00127   1.24698
   0.07486   0.03926  26.69704   1.31252   0.83823   0.44782   1.07720   1.32054
   0.07682   0.04036  28.15999   1.38413   0.91447   0.53010   1.15115   1.39229
   0.07870   0.04140  29.54605   1.45330   0.98797   0.60923   1.22251   1.46160
   0.08050   0.04240  30.87839   1.52096   1.05971   0.68624   1.29223   1.52939
   0.08224   0.04337  32.16423   1.58731   1.12989   0.76138   1.36052   1.59585
   0.08390   0.04430  33.37624   1.65111   1.19732   0.83348   1.42616   1.65977
   0.08551   0.04519  34.54834   1.71373   1.26338   0.90395   1.49052   1.72250
   0.08707   0.04606  35.66885   1.77467   1.32759   0.97234   1.55312   1.78355
   0.08857   0.04689  36.73740   1.83389   1.38993   1.03864   1.61391   1.84287
   0.09003   0.04770  37.76947   1.89195   1.45096   1.10344   1.67347   1.90102
   0.07221   0.03727   7.65999   0.46193   0.02421   0.00000   0.24518   0.47036
   0.07704   0.04004   9.08929   0.52640   0.09763   0.00000   0.31423   0.53522
   0.08138   0.04253  10.46902   0.58839   0.16732   0.00000   0.38016   0.59754
   0.08533   0.04480  11.78004   0.64770   0.23338   0.00001   0.44292   0.65715
   0.08897   0.04687  13.01871   0.70454   0.29621   0.01000   0.50283   0.71425
   0.09235   0.04881  14.18943   0.75924   0.35632   0.06031   0.56030   0.76920
   0.09551   0.05061  15.29570   0.81206   0.41407   0.12648   0.61563   0.82224
   0.09850   0.05232  16.34016   0.86309   0.46964   0.18717   0.66899   0.87348
   0.10132   0.05392  17.32582   0.91239   0.52315   0.24580   0.72044   0.92297
   0.10400   0.05545  18.25714   0.96006   0.57473   0.30204   0.77011   0.97081
   0.10656   0.05690  19.13739   1.00615   0.62449   0.35614   0.81808   1.01707
   0.10899   0.05827  19.95688   1.05027   0.67204   0.40774   0.86395   1.06135
   0.11132   0.05959  20.73421   1.09308   0.71809   0.45758   0.90841   1.10430
   0.11356   0.06085  21.47536   1.13475   0.76283   0.50588   0.95165   1.14612
   0.11569   0.06205  22.16185   1.17448   0.80544   0.55186   0.99285   1.18597
   0.11776   0.06321  22.81882   1.21320   0.84692   0.59651   1.03298   1.22482
   0.11974   0.06433  23.43857   1.25060   0.88695   0.63954   1.07173   1.26235
   0.12165   0.06540  24.02162   1.28669   0.92553   0.68098   1.10909   1.29854
   0.12350   0.06644  24.57899   1.32185   0.96309   0.72125   1.14547   1.33381
   0.10241   0.05477   5.49365   0.37873   0.01721   0.00001   0.20079   0.39012
   0.10890   0.05857   6.51592   0.42308   0.06887   0.00002   0.24892   0.43492
   0.11468   0.06195   7.46694   0.46518   0.11728   0.00002   0.29427   0.47739
   0.11990   0.06498   8.34042   0.50492   0.16258   0.00002   0.33689   0.51745
   0.12468   0.06773   9.14057   0.54250   0.20514   0.00679   0.37703   0.55532
   0.12907   0.07027   9.87692   0.57819   0.24534   0.04061   0.41504   0.59127
   0.13317   0.07261  10.55657   0.61221   0.28349   0.08473   0.45119   0.62553
   0.13701   0.07481  11.18242   0.64469   0.31978   0.12472   0.48563   0.65822
   0.14062   0.07687  11.75978   0.67569   0.35432   0.16295   0.51845   0.68941
   0.14404   0.07880  12.29456   0.70532   0.38727   0.19925   0.54979   0.71922
   0.14727   0.08062  12.78826   0.73366   0.41873   0.23383   0.57973   0.74774
   0.15033   0.08234  13.23891   0.76051   0.44850   0.26652   0.60808   0.77474
   0.15325   0.08398  13.65882   0.78628   0.47704   0.29779   0.63527   0.80066
   0.15603   0.08554  14.05266   0.81111   0.50449   0.32781   0.66145   0.82563
   0.15867   0.08702  14.40745   0.83453   0.53039   0.35613   0.68614   0.84918
   0.16122   0.08844  14.74235   0.85718   0.55541   0.38343   0.71000   0.87194
   0.16366   0.08978  15.05260   0.87886   0.57935   0.40954   0.73285   0.89374
   0.16600   0.09107  15.33934   0.89956   0.60221   0.43446   0.75466   0.91455
   0.16825   0.09232  15.60989   0.91957   0.62429   0.45849   0.77572   0.93467
   0.12599   0.06919   4.54047   0.33913   0.01404   0.00001   0.17996   0.35265
   0.13363   0.07364   5.37074   0.37420   0.05587   0.00002   0.21854   0.38819
   0.14040   0.07757   6.12260   0.40716   0.09469   0.00002   0.25453   0.42151
   0.14646   0.08108   6.79686   0.43796   0.13067   0.00001   0.28802   0.45266
   0.15197   0.08424   7.40143   0.46682   0.16417   0.00535   0.31926   0.48178
   0.15702   0.08712   7.94803   0.49396   0.19552   0.03185   0.34857   0.50918
   0.16171   0.08977   8.44249   0.51957   0.22501   0.06622   0.37619   0.53502
   0.16609   0.09223   8.88977   0.54381   0.25284   0.09712   0.40228   0.55947
   0.17018   0.09452   9.29611   0.56676   0.27913   0.12645   0.42695   0.58261
   0.17402   0.09667   9.66644   0.58852   0.30401   0.15410   0.45031   0.60453
   0.17765   0.09869  10.00310   0.60916   0.32759   0.18027   0.47247   0.62532
   0.18105   0.10058  10.30348   0.62854   0.34974   0.20483   0.49326   0.64484
   0.18430   0.10236  10.58012   0.64701   0.37082   0.22817   0.51307   0.66345
   0.18741   0.10404  10.83683   0.66469   0.39099   0.25045   0.53203   0.68127
   0.19033   0.10565  11.06288   0.68126   0.40991   0.27137   0.54980   0.69793
   0.19313   0.10717  11.27363   0.69717   0.42808   0.29143   0.56687   0.71395
   0.19581   0.10862  11.46552   0.71228   0.44535   0.31049   0.58309   0.72916
   0.19836   0.11000  11.63963   0.72661   0.46174   0.32856   0.59847   0.74358
   0.20081   0.11132  11.80170   0.74038   0.47747   0.34591   0.61324   0.75743
   0.14622   0.08188   3.97606   0.31400   0.01213   0.00001   0.16684   0.32920
   0.15474   0.08680   4.68589   0.34338   0.04802   0.00002   0.19960   0.35903
   0.16223   0.09110   5.31507   0.37074   0.08105   0.00002   0.22990   0.38675
   0.16892   0.09490   5.86837   0.39609   0.11143   0.00001   0.25785   0.41242
   0.17495   0.09832   6.35571   0.41965   0.13949   0.00448   0.28372   0.43623
   0.18047   0.10141   6.78942   0.44162   0.16556   0.02662   0.30781   0.45844
   0.18556   0.10424   7.17575   0.46221   0.18991   0.05519   0.33033   0.47923
   0.19029   0.10685   7.51997   0.48153   0.21275   0.08071   0.35147   0.49875
   0.19470   0.10927   7.82818   0.49970   0.23418   0.10480   0.37131   0.51709
   0.19883   0.11152   8.10510   0.51681   0.25433   0.12737   0.38999   0.53434
   0.20271   0.11363   8.35338   0.53293   0.27333   0.14862   0.40759   0.55059
   0.20633   0.11559   8.57108   0.54797   0.29106   0.16846   0.42399   0.56575
   0.20978   0.11744   8.76899   0.56220   0.30785   0.18723   0.43953   0.58010
   0.21308   0.11918   8.95044   0.57575   0.32384   0.20506   0.45433   0.59377
   0.21615   0.12082   9.10672   0.58836   0.33875   0.22171   0.46811   0.60646
   0.21909   0.12238   9.25078   0.60040   0.35300   0.23761   0.48128   0.61859
   0.22191   0.12385   9.37976   0.61177   0.36649   0.25266   0.49374   0.63004
   0.22457   0.12525   9.49463   0.62249   0.37922   0.26686   0.50547   0.64082
   0.22712   0.12659   9.60014   0.63273   0.39139   0.28044   0.51670   0.65113
   0.16431   0.09335   3.59329   0.29565   0.01082   0.00003   0.15736   0.31225
   0.17351   0.09859   4.21753   0.32104   0.04262   0.00004   0.18607   0.33804
   0.18156   0.10316   4.76067   0.34450   0.07167   0.00004   0.21243   0.36184
   0.18872   0.10716   5.23067   0.36607   0.09818   0.00003   0.23654   0.38370
   0.19516   0.11072   5.63825   0.38594   0.12252   0.00392   0.25871   0.40381
   0.20102   0.11392   5.99532   0.40435   0.14498   0.02306   0.27921   0.42244
   0.20640   0.11685   6.30914   0.42151   0.16587   0.04772   0.29829   0.43980
   0.21136   0.11954   6.58538   0.43751   0.18533   0.06961   0.31606   0.45596
   0.21598   0.12203   6.82879   0.45244   0.20348   0.09014   0.33263   0.47102
   0.22029   0.12433   7.04388   0.46640   0.22046   0.10930   0.34814   0.48510
   0.22434   0.12647   7.23532   0.47950   0.23641   0.12728   0.36270   0.49832
   0.22812   0.12844   7.40078   0.49162   0.25122   0.14397   0.37618   0.51054
   0.23168   0.13030   7.54893   0.50304   0.26517   0.15970   0.38889   0.52205
   0.23506   0.13205   7.68284   0.51386   0.27840   0.17459   0.40094   0.53296
   0.23822   0.13369   7.79545   0.52384   0.29066   0.18842   0.41207   0.54300
   0.24123   0.13523   7.89786   0.53332   0.30232   0.20157   0.42267   0.55256
   0.24410   0.13669   7.98763   0.54222   0.31331   0.21396   0.43262   0.56152
   0.24682   0.13806   8.06639   0.55057   0.32366   0.22564   0.44198   0.56992
   0.24943   0.13936   8.13791   0.55854   0.33355   0.23679   0.45093   0.57793
   0.23762   0.13983   2.65164   0.24192   0.00743   0.00002   0.12998   0.26315
   0.24868   0.14559   3.04434   0.25685   0.02880   0.00003   0.14820   0.27831
   0.25817   0.15043   3.36292   0.27018   0.04776   0.00002   0.16440   0.29181
   0.26645   0.15455   3.62016   0.28200   0.06458   0.00002   0.17877   0.30381
   0.27370   0.15813   3.82965   0.29260   0.07963   0.00245   0.19160   0.31447
   0.28020   0.16127   4.00176   0.30210   0.09321   0.01424   0.20316   0.32405
   0.28607   0.16406   4.14317   0.31069   0.10555   0.02919   0.21364   0.33268
   0.29140   0.16655   4.25992   0.31846   0.11680   0.04218   0.22316   0.34048
   0.29626   0.16879   4.35616   0.32551   0.12706   0.05416   0.23182   0.34755
   0.30073   0.17083   4.43532   0.33192   0.13649   0.06517   0.23974   0.35397
   0.30488   0.17267   4.50031   0.33775   0.14515   0.07532   0.24701   0.35982
   0.30863   0.17436   4.55031   0.34299   0.15306   0.08455   0.25357   0.36502
   0.31215   0.17591   4.59101   0.34780   0.16039   0.09315   0.25963   0.36980
   0.31545   0.17732   4.62438   0.35224   0.16724   0.10119   0.26528   0.37423
   0.31849   0.17858   4.64654   0.35617   0.17343   0.10850   0.27033   0.37814
   0.32135   0.17976   4.66427   0.35983   0.17925   0.11537   0.27506   0.38177
   0.32403   0.18087   4.67631   0.36316   0.18464   0.12177   0.27942   0.38506
   0.32652   0.18188   4.68314   0.36618   0.18962   0.12771   0.28341   0.38805
   0.32888   0.18282   4.68698   0.36898   0.19432   0.13330   0.28714   0.39083
   0.34498   0.20377   1.98377   0.18744   0.00478  -0.00011   0.10236   0.21261
   0.35611   0.20806   2.18571   0.19430   0.01836  -0.00014   0.11256   0.21938
   0.36520   0.21143   2.33102   0.20005   0.02990  -0.00009   0.12116   0.22494
   0.37280   0.21404   2.43388   0.20479   0.03975  -0.00010   0.12840   0.22952
   0.37916   0.21616   2.50653   0.20875   0.04823   0.00128   0.13457   0.23327
   0.38464   0.21785   2.55704   0.21206   0.05565   0.00795   0.13988   0.23638
   0.38944   0.21920   2.59072   0.21480   0.06215   0.01624   0.14448   0.23894
   0.39361   0.22030   2.61121   0.21710   0.06790   0.02326   0.14847   0.24105
   0.39723   0.22119   2.62152   0.21901   0.07300   0.02956   0.15192   0.24276
   0.40044   0.22191   2.62432   0.22058   0.07756   0.03520   0.15493   0.24416
   0.40330   0.22247   2.62107   0.22188   0.08166   0.04031   0.15759   0.24528
   0.40572   0.22292   2.61152   0.22292   0.08526   0.04485   0.15984   0.24609
   0.40794   0.22323   2.59881   0.22372   0.08850   0.04898   0.16182   0.24672
   0.40997   0.22343   2.58397   0.22434   0.09145   0.05277   0.16359   0.24722
   0.41165   0.22357   2.56523   0.22479   0.09403   0.05617   0.16506   0.24749
   0.41321   0.22365   2.54560   0.22512   0.09640   0.05929   0.16638   0.24765
   0.41461   0.22364   2.52433   0.22528   0.09855   0.06210   0.16751   0.24768
   0.41582   0.22358   2.50176   0.22534   0.10048   0.06466   0.16846   0.24758
   0.41690   0.22349   2.47896   0.22533   0.10225   0.06703   0.16929   0.24740
   0.42600   0.24543   1.66882   0.15260   0.00365   0.00003   0.08470   0.17899
   0.43479   0.24709   1.77580   0.15583   0.01354   0.00003   0.09119   0.18181
   0.44152   0.24810   1.84087   0.15828   0.02170   0.00006   0.09639   0.18378
   0.44673   0.24858   1.87709   0.16007   0.02845   0.00000   0.10051   0.18507
   0.45085   0.24864   1.89357   0.16129   0.03411   0.00093   0.10387   0.18588
   0.45403   0.24849   1.89695   0.16215   0.03890   0.00540   0.10657   0.18633
   0.45664   0.24806   1.89098   0.16262   0.04301   0.01090   0.10878   0.18652
   0.45866   0.24752   1.87822   0.16290   0.04652   0.01545   0.11060   0.18639
   0.46024   0.24685   1.86051   0.16293   0.04958   0.01944   0.11208   0.18607
   0.46149   0.24603   1.83952   0.16276   0.05224   0.02296   0.11327   0.18565
   0.46232   0.24525   1.81633   0.16257   0.05458   0.02614   0.11422   0.18506
   0.46294   0.24428   1.79055   0.16212   0.05659   0.02886   0.11493   0.18431
   0.46334   0.24331   1.76428   0.16161   0.05835   0.03132   0.11548   0.18351
   0.46356   0.24237   1.73803   0.16106   0.05992   0.03355   0.11590   0.18269
   0.46355   0.24136   1.71048   0.16041   0.06126   0.03547   0.11620   0.18174
   0.46343   0.24036   1.68351   0.15972   0.06246   0.03723   0.11640   0.18080
   0.46317   0.23933   1.65656   0.15895   0.06350   0.03881   0.11646   0.17985
   0.46282   0.23826   1.62972   0.15813   0.06441   0.04020   0.11645   0.17883
   0.46245   0.23720   1.60357   0.15731   0.06521   0.04145   0.11639   0.17778
   0.48957   0.27265   1.45917   0.12627   0.00293   0.00010   0.07116   0.15242
   0.49473   0.27151   1.50721   0.12751   0.01054   0.00010   0.07540   0.15293
   0.49809   0.26997   1.52544   0.12820   0.01667   0.00012   0.07862   0.15291
   0.50023   0.26811   1.52445   0.12835   0.02156   0.00010   0.08104   0.15253
   0.50140   0.26615   1.51147   0.12824   0.02556   0.00076   0.08281   0.15180
   0.50186   0.26412   1.49154   0.12791   0.02891   0.00396   0.08416   0.15086
   0.50185   0.26202   1.46690   0.12733   0.03170   0.00787   0.08516   0.14979
   0.50146   0.25986   1.43925   0.12661   0.03401   0.01102   0.08590   0.14866
   0.50073   0.25770   1.40990   0.12582   0.03598   0.01376   0.08638   0.14744
   0.49968   0.25561   1.37988   0.12496   0.03768   0.01616   0.08667   0.14613
   0.49852   0.25347   1.34974   0.12403   0.03915   0.01823   0.08682   0.14478
   0.49701   0.25140   1.31912   0.12303   0.04032   0.02007   0.08683   0.14345
   0.49543   0.24936   1.28930   0.12204   0.04133   0.02167   0.08676   0.14209
   0.49381   0.24737   1.26052   0.12106   0.04222   0.02308   0.08662   0.14071
   0.49211   0.24534   1.23169   0.11993   0.04294   0.02429   0.08635   0.13939
   0.49035   0.24338   1.20414   0.11886   0.04358   0.02537   0.08605   0.13805
   0.48846   0.24149   1.17742   0.11783   0.04413   0.02630   0.08572   0.13665
   0.48658   0.23958   1.15148   0.11675   0.04458   0.02714   0.08535   0.13530
   0.48473   0.23772   1.12662   0.11568   0.04497   0.02791   0.08496   0.13402
   0.53915   0.28944   1.29659   0.10527   0.00234   0.00009   0.06010   0.13024
   0.54019   0.28535   1.30479   0.10526   0.00836   0.00009   0.06289   0.12939
   0.53963   0.28147   1.29310   0.10492   0.01310   0.00009   0.06485   0.12816
   0.53833   0.27744   1.26969   0.10425   0.01676   0.00005   0.06615   0.12676
   0.53631   0.27360   1.24019   0.10341   0.01971   0.00059   0.06701   0.12521
   0.53387   0.26987   1.20774   0.10239   0.02205   0.00299   0.06757   0.12367
   0.53109   0.26629   1.17383   0.10136   0.02398   0.00581   0.06789   0.12197
   0.52815   0.26276   1.13955   0.10022   0.02559   0.00810   0.06797   0.12029
   0.52506   0.25934   1.10563   0.09901   0.02695   0.01010   0.06791   0.11862
   0.52177   0.25612   1.07256   0.09785   0.02808   0.01179   0.06776   0.11692
   0.51844   0.25298   1.04058   0.09671   0.02899   0.01326   0.06748   0.11532
   0.51514   0.24983   1.00936   0.09542   0.02972   0.01446   0.06714   0.11374
   0.51179   0.24684   0.97962   0.09420   0.03032   0.01554   0.06677   0.11219
   0.50844   0.24402   0.95141   0.09306   0.03083   0.01651   0.06636   0.11066
   0.50500   0.24124   0.92404   0.09189   0.03124   0.01730   0.06589   0.10907
   0.50166   0.23855   0.89818   0.09073   0.03157   0.01800   0.06541   0.10759
   0.49838   0.23591   0.87347   0.08957   0.03181   0.01859   0.06490   0.10620
   0.49509   0.23336   0.84986   0.08847   0.03201   0.01912   0.06437   0.10480
   0.49185   0.23091   0.82750   0.08742   0.03220   0.01960   0.06385   0.10342
   0.58491   0.29887   1.12907   0.08407   0.00185   0.00011   0.04878   0.10717
   0.58012   0.29170   1.10426   0.08323   0.00641   0.00007   0.05040   0.10531
   0.57457   0.28507   1.06934   0.08227   0.00994   0.00013   0.05139   0.10317
   0.56883   0.27870   1.02988   0.08105   0.01256   0.00011   0.05185   0.10118
   0.56274   0.27289   0.98933   0.07972   0.01463   0.00046   0.05205   0.09918
   0.55666   0.26741   0.94946   0.07841   0.01624   0.00215   0.05206   0.09714
   0.55067   0.26218   0.91082   0.07702   0.01754   0.00417   0.05187   0.09520
   0.54472   0.25722   0.87384   0.07566   0.01858   0.00576   0.05159   0.09329
   0.53878   0.25257   0.83882   0.07436   0.01941   0.00708   0.05122   0.09143
   0.53297   0.24816   0.80582   0.07306   0.02005   0.00823   0.05075   0.08971
   0.52732   0.24395   0.77473   0.07179   0.02054   0.00922   0.05029   0.08798
   0.52166   0.23996   0.74518   0.07056   0.02100   0.01002   0.04976   0.08623
   0.51622   0.23610   0.71764   0.06935   0.02131   0.01069   0.04922   0.08461
   0.51101   0.23241   0.69199   0.06818   0.02152   0.01125   0.04866   0.08311
   0.50582   0.22887   0.66757   0.06696   0.02174   0.01176   0.04809   0.08162
   0.50078   0.22552   0.64477   0.06583   0.02190   0.01220   0.04752   0.08021
   0.49580   0.22232   0.62328   0.06479   0.02198   0.01256   0.04693   0.07884
   0.49093   0.21922   0.60302   0.06379   0.02202   0.01286   0.04640   0.07747
   0.48623   0.21625   0.58401   0.06283   0.02204   0.01312   0.04589   0.07614
   0.61492   0.29891   0.98625   0.06718   0.00154   0.00019   0.03963   0.08797
   0.60439   0.28895   0.94061   0.06597   0.00505   0.00014   0.04049   0.08557
   0.59387   0.28013   0.89232   0.06464   0.00764   0.00017   0.04083   0.08317
   0.58370   0.27198   0.84462   0.06325   0.00949   0.00012   0.04087   0.08093
   0.57392   0.26452   0.79934   0.06182   0.01102   0.00042   0.04068   0.07866
   0.56453   0.25766   0.75711   0.06040   0.01213   0.00164   0.04034   0.07658
   0.55551   0.25125   0.71791   0.05901   0.01299   0.00311   0.03993   0.07459
   0.54673   0.24534   0.68154   0.05768   0.01365   0.00421   0.03946   0.07263
   0.53832   0.23976   0.64791   0.05635   0.01417   0.00512   0.03894   0.07084
   0.53028   0.23448   0.61693   0.05505   0.01456   0.00590   0.03838   0.06917
   0.52250   0.22956   0.58840   0.05383   0.01488   0.00650   0.03783   0.06754
   0.51498   0.22490   0.56175   0.05267   0.01506   0.00707   0.03728   0.06594
   0.50778   0.22046   0.53722   0.05154   0.01521   0.00753   0.03670   0.06447
   0.50091   0.21623   0.51461   0.05045   0.01533   0.00790   0.03612   0.06309
   0.49420   0.21221   0.49341   0.04940   0.01543   0.00820   0.03558   0.06166
   0.48773   0.20843   0.47383   0.04842   0.01549   0.00847   0.03503   0.06033
   0.48141   0.20486   0.45562   0.04751   0.01549   0.00872   0.03446   0.05909
   0.47534   0.20139   0.43867   0.04663   0.01545   0.00892   0.03393   0.05790
   0.46955   0.19807   0.42289   0.04578   0.01537   0.00909   0.03343   0.05677
   0.63130   0.29213   0.86069   0.05373   0.00112   0.00006   0.03201   0.07197
   0.61522   0.27998   0.80233   0.05233   0.00390   0.00002   0.03240   0.06936
   0.60021   0.26925   0.74698   0.05079   0.00583   0.00004   0.03245   0.06695
   0.58608   0.25971   0.69605   0.04938   0.00731   0.00003   0.03217   0.06456
   0.57288   0.25106   0.64981   0.04796   0.00836   0.00021   0.03183   0.06240
   0.56061   0.24309   0.60813   0.04658   0.00914   0.00111   0.03138   0.06038
   0.54888   0.23590   0.57042   0.04525   0.00971   0.00217   0.03092   0.05846
   0.53779   0.22925   0.53626   0.04399   0.01018   0.00302   0.03040   0.05659
   0.52736   0.22302   0.50529   0.04273   0.01053   0.00375   0.02982   0.05494
   0.51737   0.21726   0.47724   0.04156   0.01077   0.00435   0.02924   0.05343
   0.50782   0.21189   0.45178   0.04050   0.01089   0.00482   0.02869   0.05198
   0.49873   0.20683   0.42850   0.03945   0.01097   0.00517   0.02818   0.05054
   0.49016   0.20197   0.40718   0.03845   0.01108   0.00546   0.02763   0.04921
   0.48206   0.19733   0.38763   0.03748   0.01119   0.00570   0.02705   0.04799
   0.47412   0.19305   0.36970   0.03654   0.01114   0.00592   0.02655   0.04687
   0.46657   0.18904   0.35320   0.03569   0.01112   0.00610   0.02605   0.04573
   0.45933   0.18524   0.33788   0.03492   0.01115   0.00622   0.02556   0.04453
   0.45235   0.18161   0.32374   0.03415   0.01111   0.00633   0.02507   0.04349
   0.44567   0.17816   0.31069   0.03339   0.01104   0.00644   0.02459   0.04256
   0.63607   0.28009   0.74894   0.04280   0.00088   0.00008   0.02576   0.05865
   0.61502   0.26623   0.68387   0.04135   0.00298   0.00007   0.02584   0.05609
   0.59578   0.25431   0.62586   0.03989   0.00447   0.00006   0.02564   0.05375
   0.57820   0.24381   0.57471   0.03851   0.00555  -0.00002   0.02524   0.05150
   0.56217   0.23431   0.52983   0.03721   0.00630   0.00023   0.02483   0.04939
   0.54731   0.22579   0.49036   0.03592   0.00683   0.00092   0.02435   0.04753
   0.53351   0.21797   0.45543   0.03468   0.00723   0.00166   0.02382   0.04586
   0.52049   0.21088   0.42440   0.03360   0.00753   0.00222   0.02330   0.04417
   0.50821   0.20437   0.39659   0.03258   0.00775   0.00273   0.02276   0.04263
   0.49669   0.19832   0.37165   0.03156   0.00792   0.00316   0.02220   0.04129
   0.48595   0.19264   0.34960   0.03053   0.00800   0.00339   0.02170   0.04003
   0.47555   0.18748   0.32945   0.02971   0.00806   0.00363   0.02120   0.03867
   0.46577   0.18264   0.31123   0.02891   0.00809   0.00383   0.02071   0.03745
   0.45656   0.17807   0.29469   0.02814   0.00808   0.00401   0.02025   0.03636
   0.44771   0.17374   0.27946   0.02739   0.00805   0.00415   0.01978   0.03535
   0.43935   0.16968   0.26566   0.02669   0.00800   0.00426   0.01935   0.03438
   0.43139   0.16585   0.25307   0.02602   0.00794   0.00435   0.01892   0.03346
   0.42379   0.16218   0.24151   0.02536   0.00792   0.00439   0.01850   0.03260
   0.41655   0.15870   0.23087   0.02473   0.00791   0.00440   0.01810   0.03180
   0.63093   0.26426   0.64895   0.03397   0.00065   0.00005   0.02068   0.04746
   0.60540   0.24938   0.58125   0.03262   0.00231   0.00014   0.02055   0.04500
   0.58263   0.23663   0.52352   0.03129   0.00343   0.00010   0.02025   0.04277
   0.56208   0.22563   0.47456   0.03008   0.00415   0.00009   0.01989   0.04065
   0.54354   0.21572   0.43216   0.02891   0.00478   0.00015   0.01940   0.03875
   0.52668   0.20682   0.39583   0.02771   0.00525   0.00067   0.01884   0.03714
   0.51105   0.19881   0.36415   0.02660   0.00547   0.00129   0.01835   0.03573
   0.49646   0.19160   0.33645   0.02572   0.00564   0.00172   0.01782   0.03429
   0.48296   0.18494   0.31210   0.02486   0.00576   0.00203   0.01732   0.03293
   0.47047   0.17873   0.29046   0.02394   0.00578   0.00232   0.01687   0.03176
   0.45875   0.17299   0.27124   0.02311   0.00587   0.00256   0.01638   0.03067
   0.44750   0.16780   0.25403   0.02238   0.00586   0.00273   0.01598   0.02962
   0.43700   0.16291   0.23873   0.02165   0.00583   0.00285   0.01559   0.02867
   0.42719   0.15831   0.22502   0.02093   0.00581   0.00293   0.01521   0.02780
   0.41771   0.15404   0.21233   0.02039   0.00578   0.00298   0.01475   0.02693
   0.40880   0.15006   0.20094   0.01984   0.00576   0.00301   0.01435   0.02610
   0.40038   0.14631   0.19066   0.01929   0.00574   0.00300   0.01399   0.02530
   0.39235   0.14279   0.18116   0.01876   0.00569   0.00303   0.01365   0.02456
   0.38473   0.13948   0.17240   0.01828   0.00563   0.00307   0.01332   0.02386
   0.61726   0.24593   0.55930   0.02680   0.00046  -0.00001   0.01653   0.03826
   0.58810   0.23036   0.49202   0.02548   0.00177   0.00016   0.01635   0.03597
   0.56247   0.21711   0.43643   0.02423   0.00258   0.00009   0.01598   0.03407
   0.53962   0.20582   0.39035   0.02320   0.00332   0.00015   0.01552   0.03202
   0.51915   0.19579   0.35167   0.02217   0.00371   0.00016   0.01505   0.03041
   0.50062   0.18690   0.31880   0.02120   0.00394   0.00050   0.01457   0.02905
   0.48371   0.17890   0.29071   0.02033   0.00417   0.00092   0.01411   0.02767
   0.46809   0.17169   0.26649   0.01952   0.00431   0.00122   0.01366   0.02644
   0.45362   0.16516   0.24534   0.01874   0.00434   0.00150   0.01325   0.02536
   0.44017   0.15922   0.22679   0.01803   0.00431   0.00168   0.01281   0.02439
   0.42758   0.15377   0.21039   0.01746   0.00431   0.00183   0.01233   0.02349
   0.41595   0.14859   0.19590   0.01677   0.00435   0.00187   0.01197   0.02260
   0.40504   0.14383   0.18305   0.01615   0.00434   0.00195   0.01162   0.02181
   0.39480   0.13943   0.17161   0.01559   0.00431   0.00205   0.01127   0.02109
   0.38513   0.13523   0.16136   0.01509   0.00428   0.00217   0.01098   0.02035
   0.37605   0.13136   0.15210   0.01463   0.00423   0.00222   0.01069   0.01964
   0.36747   0.12780   0.14367   0.01420   0.00417   0.00219   0.01040   0.01895
   0.35935   0.12437   0.13604   0.01374   0.00409   0.00221   0.01012   0.01838
   0.35168   0.12111   0.12910   0.01327   0.00402   0.00227   0.00986   0.01789
   0.59662   0.22596   0.47919   0.02099   0.00042   0.00011   0.01319   0.03047
   0.56451   0.21011   0.41451   0.01980   0.00150   0.00009   0.01292   0.02839
   0.53658   0.19689   0.36222   0.01871   0.00211   0.00005   0.01250   0.02673
   0.51191   0.18562   0.32007   0.01784   0.00253   0.00004   0.01205   0.02515
   0.48993   0.17584   0.28524   0.01698   0.00281   0.00019   0.01164   0.02376
   0.47039   0.16707   0.25606   0.01613   0.00295   0.00043   0.01121   0.02260
   0.45255   0.15934   0.23138   0.01540   0.00305   0.00072   0.01077   0.02150
   0.43617   0.15241   0.21039   0.01474   0.00314   0.00094   0.01040   0.02042
   0.42121   0.14604   0.19235   0.01412   0.00315   0.00111   0.01001   0.01952
   0.40740   0.14024   0.17676   0.01356   0.00313   0.00123   0.00961   0.01875
   0.39460   0.13490   0.16307   0.01302   0.00319   0.00128   0.00932   0.01788
   0.38276   0.13004   0.15119   0.01241   0.00311   0.00139   0.00899   0.01726
   0.37163   0.12556   0.14058   0.01191   0.00309   0.00144   0.00871   0.01658
   0.36119   0.12141   0.13109   0.01150   0.00309   0.00144   0.00845   0.01588
   0.35130   0.11747   0.12277   0.01117   0.00305   0.00148   0.00818   0.01529
   0.34217   0.11385   0.11523   0.01076   0.00301   0.00152   0.00791   0.01479
   0.33371   0.11051   0.10832   0.01024   0.00298   0.00156   0.00763   0.01439
   0.32559   0.10728   0.10221   0.00985   0.00295   0.00158   0.00743   0.01397
   0.31785   0.10420   0.09674   0.00954   0.00292   0.00160   0.00729   0.01353
   0.57001   0.20536   0.40799   0.01638   0.00036   0.00012   0.01040   0.02411
   0.53559   0.18969   0.34682   0.01535   0.00118   0.00010   0.01013   0.02230
   0.50586   0.17684   0.29915   0.01450   0.00160   0.00014   0.00972   0.02087
   0.48021   0.16564   0.26091   0.01361   0.00191   0.00011   0.00930   0.01966
   0.45749   0.15612   0.23019   0.01287   0.00212   0.00011   0.00891   0.01847
   0.43720   0.14776   0.20474   0.01222   0.00227   0.00035   0.00858   0.01736
   0.41895   0.14031   0.18362   0.01156   0.00233   0.00057   0.00824   0.01646
   0.40237   0.13358   0.16579   0.01099   0.00238   0.00070   0.00795   0.01561
   0.38713   0.12756   0.15046   0.01057   0.00240   0.00080   0.00761   0.01481
   0.37316   0.12213   0.13729   0.01016   0.00240   0.00088   0.00726   0.01412
   0.36033   0.11718   0.12594   0.00972   0.00240   0.00098   0.00697   0.01345
   0.34867   0.11248   0.11603   0.00901   0.00234   0.00103   0.00670   0.01309
   0.33765   0.10825   0.10739   0.00858   0.00233   0.00108   0.00649   0.01257
   0.32727   0.10443   0.09980   0.00837   0.00233   0.00111   0.00633   0.01197
   0.31747   0.10088   0.09300   0.00810   0.00229   0.00117   0.00611   0.01151
   0.30839   0.09755   0.08694   0.00781   0.00225   0.00119   0.00589   0.01107
   0.29994   0.09440   0.08153   0.00748   0.00222   0.00116   0.00567   0.01065
   0.29194   0.09147   0.07667   0.00724   0.00216   0.00116   0.00550   0.01028
   0.28439   0.08874   0.07228   0.00705   0.00210   0.00116   0.00536   0.00995
   0.53874   0.18484   0.34520   0.01284   0.00008  -0.00015   0.00799   0.01913
   0.50280   0.16963   0.28863   0.01197   0.00081  -0.00012   0.00776   0.01749
   0.47229   0.15708   0.24570   0.01115   0.00113  -0.00005   0.00739   0.01634
   0.44601   0.14641   0.21197   0.01035   0.00142  -0.00015   0.00708   0.01525
   0.42284   0.13740   0.18512   0.00979   0.00152  -0.00007   0.00671   0.01430
   0.40238   0.12948   0.16329   0.00928   0.00164   0.00012   0.00642   0.01336
   0.38407   0.12244   0.14531   0.00876   0.00164   0.00031   0.00611   0.01270
   0.36760   0.11622   0.13020   0.00823   0.00165   0.00040   0.00583   0.01202
   0.35261   0.11061   0.11745   0.00775   0.00168   0.00050   0.00560   0.01140
   0.33877   0.10554   0.10661   0.00737   0.00169   0.00060   0.00540   0.01085
   0.32603   0.10095   0.09724   0.00704   0.00167   0.00060   0.00513   0.01038
   0.31440   0.09668   0.08919   0.00668   0.00166   0.00069   0.00495   0.00994
   0.30357   0.09285   0.08217   0.00643   0.00165   0.00073   0.00476   0.00942
   0.29348   0.08938   0.07600   0.00625   0.00163   0.00072   0.00459   0.00886
   0.28416   0.08603   0.07049   0.00597   0.00158   0.00076   0.00447   0.00854
   0.27542   0.08294   0.06564   0.00576   0.00155   0.00078   0.00433   0.00821
   0.26713   0.08010   0.06136   0.00560   0.00154   0.00078   0.00415   0.00787
   0.25941   0.07744   0.05753   0.00540   0.00151   0.00079   0.00398   0.00761
   0.25222   0.07495   0.05408   0.00518   0.00147   0.00080   0.00383   0.00739
   0.50422   0.16389   0.28902   0.00955   0.00026   0.00005   0.00638   0.01489
   0.46733   0.14955   0.23821   0.00892   0.00073   0.00012   0.00606   0.01353
   0.43635   0.13775   0.20005   0.00827   0.00094   0.00007   0.00571   0.01261
   0.40975   0.12793   0.17081   0.00777   0.00110   0.00005   0.00542   0.01163
   0.38683   0.11938   0.14764   0.00723   0.00118   0.00009   0.00515   0.01087
   0.36664   0.11203   0.12914   0.00677   0.00127   0.00021   0.00492   0.01016
   0.34858   0.10559   0.11404   0.00625   0.00131   0.00033   0.00469   0.00962
   0.33225   0.09985   0.10151   0.00591   0.00133   0.00039   0.00446   0.00904
   0.31759   0.09469   0.09097   0.00560   0.00133   0.00047   0.00423   0.00851
   0.30428   0.09002   0.08205   0.00523   0.00126   0.00055   0.00403   0.00813
   0.29170   0.08588   0.07450   0.00517   0.00125   0.00057   0.00390   0.00770
   0.28039   0.08217   0.06798   0.00500   0.00119   0.00057   0.00373   0.00721
   0.27007   0.07868   0.06232   0.00475   0.00119   0.00054   0.00356   0.00684
   0.26058   0.07542   0.05736   0.00447   0.00121   0.00049   0.00341   0.00656
   0.25151   0.07248   0.05304   0.00441   0.00116   0.00051   0.00322   0.00625
   0.24314   0.06973   0.04923   0.00429   0.00111   0.00054   0.00308   0.00601
   0.23538   0.06715   0.04586   0.00410   0.00107   0.00057   0.00297   0.00583
   0.22813   0.06479   0.04284   0.00392   0.00105   0.00058   0.00289   0.00560
   0.22136   0.06263   0.04012   0.00375   0.00104   0.00057   0.00283   0.00536
   0.46683   0.14460   0.24073   0.00751   0.00013  -0.00001   0.00480   0.01140
   0.42997   0.13097   0.19538   0.00680   0.00043  -0.00003   0.00454   0.01055
   0.39927   0.11993   0.16217   0.00633   0.00064  -0.00009   0.00427   0.00962
   0.37325   0.11079   0.13684   0.00580   0.00077  -0.00001   0.00401   0.00886
   0.35038   0.10301   0.11717   0.00549   0.00082   0.00000   0.00387   0.00820
   0.33066   0.09618   0.10167   0.00505   0.00088   0.00004   0.00365   0.00780
   0.31317   0.09026   0.08905   0.00468   0.00090   0.00013   0.00343   0.00733
   0.29751   0.08510   0.07869   0.00441   0.00087   0.00020   0.00324   0.00681
   0.28343   0.08045   0.07016   0.00419   0.00088   0.00024   0.00307   0.00633
   0.27074   0.07625   0.06298   0.00398   0.00092   0.00028   0.00294   0.00588
   0.25891   0.07255   0.05677   0.00392   0.00090   0.00030   0.00280   0.00550
   0.24821   0.06916   0.05156   0.00368   0.00085   0.00038   0.00267   0.00531
   0.23832   0.06603   0.04705   0.00352   0.00081   0.00040   0.00253   0.00509
   0.22917   0.06314   0.04313   0.00343   0.00078   0.00037   0.00240   0.00485
   0.22068   0.06052   0.03978   0.00330   0.00079   0.00034   0.00229   0.00459
   0.21296   0.05809   0.03681   0.00314   0.00078   0.00033   0.00220   0.00438
   0.20592   0.05581   0.03417   0.00291   0.00074   0.00035   0.00213   0.00422
   0.19917   0.05375   0.03182   0.00279   0.00073   0.00036   0.00205   0.00404
   0.19276   0.05187   0.02974   0.00272   0.00074   0.00036   0.00197   0.00386
   0.42787   0.12580   0.19817   0.00551   0.00017   0.00005   0.00371   0.00875
   0.39190   0.11312   0.15881   0.00489   0.00037   0.00011   0.00349   0.00806
   0.36169   0.10315   0.13005   0.00454   0.00054   0.00008   0.00324   0.00728
   0.33591   0.09485   0.10864   0.00422   0.00057   0.00007   0.00304   0.00683
   0.31428   0.08773   0.09218   0.00386   0.00062   0.00006   0.00286   0.00627
   0.29538   0.08166   0.07931   0.00360   0.00065   0.00011   0.00269   0.00579
   0.27848   0.07638   0.06896   0.00354   0.00064   0.00016   0.00255   0.00530
   0.26351   0.07172   0.06052   0.00337   0.00063   0.00020   0.00235   0.00496
   0.25015   0.06755   0.05355   0.00317   0.00061   0.00019   0.00218   0.00468
   0.23815   0.06382   0.04777   0.00299   0.00061   0.00021   0.00210   0.00437
   0.22742   0.06051   0.04298   0.00273   0.00056   0.00025   0.00203   0.00414
   0.21731   0.05747   0.03883   0.00262   0.00057   0.00026   0.00187   0.00391
   0.20819   0.05473   0.03528   0.00246   0.00056   0.00026   0.00179   0.00373
   0.19990   0.05223   0.03223   0.00228   0.00054   0.00026   0.00176   0.00357
   0.19192   0.04997   0.02960   0.00233   0.00053   0.00027   0.00167   0.00336
   0.18462   0.04789   0.02730   0.00230   0.00051   0.00026   0.00158   0.00316
   0.17793   0.04597   0.02526   0.00217   0.00049   0.00023   0.00151   0.00294
   0.17168   0.04415   0.02346   0.00211   0.00049   0.00024   0.00145   0.00281
   0.16586   0.04245   0.02185   0.00209   0.00050   0.00027   0.00140   0.00272
   0.38842   0.10833   0.16214   0.00409   0.00014   0.00004   0.00280   0.00658
   0.35294   0.09710   0.12784   0.00381   0.00031   0.00004   0.00265   0.00587
   0.32419   0.08786   0.10358   0.00336   0.00031   0.00004   0.00238   0.00556
   0.29984   0.08045   0.08563   0.00318   0.00037  -0.00001   0.00220   0.00498
   0.27914   0.07406   0.07205   0.00294   0.00037   0.00001   0.00203   0.00466
   0.26116   0.06862   0.06140   0.00286   0.00039   0.00004   0.00193   0.00423
   0.24545   0.06394   0.05303   0.00269   0.00042   0.00009   0.00183   0.00385
   0.23143   0.05991   0.04628   0.00250   0.00042   0.00010   0.00170   0.00356
   0.21897   0.05629   0.04076   0.00233   0.00041   0.00009   0.00158   0.00332
   0.20788   0.05302   0.03617   0.00218   0.00040   0.00010   0.00148   0.00310
   0.19771   0.05012   0.03231   0.00211   0.00039   0.00010   0.00140   0.00290
   0.18855   0.04754   0.02906   0.00195   0.00038   0.00013   0.00136   0.00279
   0.18014   0.04515   0.02630   0.00186   0.00037   0.00014   0.00129   0.00264
   0.17239   0.04294   0.02394   0.00181   0.00034   0.00013   0.00121   0.00247
   0.16530   0.04094   0.02191   0.00166   0.00034   0.00013   0.00113   0.00239
   0.15873   0.03913   0.02013   0.00157   0.00033   0.00013   0.00106   0.00229
   0.15260   0.03748   0.01856   0.00153   0.00030   0.00012   0.00100   0.00216
   0.14691   0.03594   0.01719   0.00150   0.00028   0.00012   0.00097   0.00205
   0.14163   0.03452   0.01598   0.00149   0.00026   0.00012   0.00095   0.00194
   0.34889   0.09221   0.13094   0.00298   0.00007   0.00000   0.00209   0.00511
   0.31513   0.08201   0.10200   0.00261   0.00017   0.00002   0.00189   0.00457
   0.28733   0.07386   0.08145   0.00250   0.00024   0.00001   0.00174   0.00414
   0.26435   0.06721   0.06653   0.00238   0.00024  -0.00002   0.00162   0.00365
   0.24520   0.06156   0.05538   0.00205   0.00030   0.00001   0.00150   0.00342
   0.22848   0.05687   0.04686   0.00192   0.00034   0.00005   0.00141   0.00308
   0.21384   0.05279   0.04012   0.00185   0.00034   0.00009   0.00136   0.00278
   0.20103   0.04922   0.03475   0.00170   0.00033   0.00008   0.00124   0.00257
   0.18952   0.04608   0.03042   0.00161   0.00032   0.00007   0.00112   0.00237
   0.17915   0.04326   0.02686   0.00153   0.00031   0.00009   0.00106   0.00220
   0.16992   0.04071   0.02388   0.00144   0.00031   0.00014   0.00102   0.00215
   0.16162   0.03849   0.02138   0.00124   0.00028   0.00014   0.00094   0.00208
   0.15394   0.03649   0.01927   0.00120   0.00027   0.00014   0.00089   0.00194
   0.14685   0.03469   0.01746   0.00125   0.00029   0.00012   0.00086   0.00176
   0.14059   0.03299   0.01591   0.00111   0.00025   0.00010   0.00083   0.00165
   0.13477   0.03144   0.01457   0.00102   0.00024   0.00011   0.00080   0.00155
   0.12930   0.03002   0.01341   0.00100   0.00025   0.00014   0.00076   0.00148
   0.12428   0.02871   0.01238   0.00094   0.00025   0.00016   0.00073   0.00143
   0.11966   0.02750   0.01148   0.00088   0.00026   0.00015   0.00070   0.00138
   0.31028   0.07774   0.10491   0.00202   0.00003   0.00001   0.00146   0.00388
   0.27821   0.06868   0.08040   0.00197   0.00007   0.00001   0.00137   0.00339
   0.25250   0.06156   0.06351   0.00177   0.00014  -0.00003   0.00124   0.00288
   0.23117   0.05564   0.05132   0.00165   0.00014  -0.00004   0.00112   0.00271
   0.21313   0.05084   0.04237   0.00161   0.00016  -0.00003   0.00105   0.00238
   0.19789   0.04676   0.03554   0.00147   0.00022   0.00002   0.00099   0.00213
   0.18435   0.04325   0.03023   0.00144   0.00023   0.00004   0.00092   0.00197
   0.17271   0.04013   0.02602   0.00128   0.00021   0.00002   0.00083   0.00182
   0.16239   0.03741   0.02264   0.00116   0.00019   0.00001   0.00077   0.00167
   0.15306   0.03504   0.01987   0.00111   0.00019   0.00003   0.00074   0.00157
   0.14491   0.03291   0.01758   0.00098   0.00018   0.00004   0.00072   0.00147
   0.13731   0.03102   0.01568   0.00093   0.00015   0.00003   0.00066   0.00136
   0.13040   0.02932   0.01409   0.00090   0.00015   0.00004   0.00062   0.00129
   0.12413   0.02778   0.01273   0.00088   0.00016   0.00007   0.00059   0.00123
   0.11852   0.02637   0.01156   0.00081   0.00018   0.00005   0.00057   0.00111
   0.11332   0.02510   0.01055   0.00074   0.00017   0.00005   0.00055   0.00105
   0.10847   0.02394   0.00966   0.00066   0.00015   0.00005   0.00052   0.00105
   0.10397   0.02286   0.00890   0.00066   0.00015   0.00006   0.00050   0.00101
   0.09982   0.02186   0.00824   0.00070   0.00016   0.00007   0.00047   0.00095
   0.27245   0.06463   0.08282   0.00152  -0.00005  -0.00005   0.00103   0.00275
   0.24283   0.05672   0.06264   0.00134   0.00005  -0.00003   0.00096   0.00254
   0.21901   0.05057   0.04887   0.00133   0.00012  -0.00002   0.00086   0.00218
   0.19954   0.04552   0.03915   0.00121   0.00010  -0.00004   0.00077   0.00191
   0.18326   0.04138   0.03200   0.00110   0.00014   0.00000   0.00071   0.00174
   0.16939   0.03784   0.02664   0.00102   0.00010  -0.00004   0.00065   0.00151
   0.15736   0.03488   0.02251   0.00090   0.00013  -0.00001   0.00063   0.00141
   0.14683   0.03230   0.01925   0.00086   0.00014   0.00003   0.00059   0.00128
   0.13746   0.03004   0.01664   0.00087   0.00013   0.00004   0.00054   0.00116
   0.12913   0.02806   0.01452   0.00083   0.00013   0.00003   0.00051   0.00107
   0.12182   0.02627   0.01280   0.00074   0.00012   0.00001   0.00049   0.00096
   0.11514   0.02468   0.01136   0.00067   0.00013   0.00004   0.00046   0.00096
   0.10922   0.02325   0.01015   0.00058   0.00013   0.00005   0.00043   0.00093
   0.10391   0.02195   0.00912   0.00048   0.00012   0.00004   0.00041   0.00089
   0.09887   0.02080   0.00826   0.00049   0.00014   0.00006   0.00040   0.00081
   0.09426   0.01974   0.00752   0.00049   0.00013   0.00006   0.00039   0.00075
   0.09000   0.01878   0.00687   0.00046   0.00011   0.00006   0.00036   0.00071
   0.08609   0.01789   0.00632   0.00045   0.00010   0.00005   0.00034   0.00067
   0.08247   0.01707   0.00583   0.00045   0.00011   0.00005   0.00033   0.00062
   0.23651   0.05298   0.06463   0.00119  -0.00004  -0.00005   0.00073   0.00199
   0.20950   0.04629   0.04814   0.00101   0.00003  -0.00006   0.00066   0.00172
   0.18767   0.04097   0.03708   0.00103   0.00003  -0.00006   0.00056   0.00143
   0.17013   0.03669   0.02931   0.00088   0.00005  -0.00008   0.00053   0.00124
   0.15553   0.03318   0.02375   0.00080   0.00007  -0.00006   0.00049   0.00115
   0.14318   0.03022   0.01959   0.00066   0.00007  -0.00004   0.00046   0.00107
   0.13229   0.02773   0.01642   0.00067   0.00008  -0.00002   0.00044   0.00100
   0.12294   0.02559   0.01395   0.00064   0.00009   0.00001   0.00042   0.00091
   0.11483   0.02370   0.01199   0.00054   0.00010   0.00001   0.00040   0.00082
   0.10761   0.02204   0.01041   0.00045   0.00008   0.00001   0.00037   0.00078
   0.10120   0.02059   0.00913   0.00042   0.00008   0.00001   0.00033   0.00070
   0.09540   0.01927   0.00807   0.00039   0.00009   0.00002   0.00032   0.00066
   0.09017   0.01810   0.00718   0.00035   0.00010   0.00003   0.00030   0.00062
   0.08545   0.01707   0.00643   0.00030   0.00010   0.00003   0.00028   0.00059
   0.08103   0.01612   0.00580   0.00036   0.00011   0.00005   0.00029   0.00054
   0.07705   0.01526   0.00526   0.00036   0.00011   0.00005   0.00027   0.00051
   0.07345   0.01448   0.00480   0.00030   0.00010   0.00003   0.00024   0.00049
   0.07011   0.01376   0.00440   0.00028   0.00009   0.00003   0.00023   0.00046
   0.06702   0.01312   0.00404   0.00028   0.00008   0.00004   0.00023   0.00044
   0.20284   0.04282   0.04964   0.00070  -0.00002  -0.00004   0.00050   0.00140
   0.17800   0.03711   0.03633   0.00075   0.00000  -0.00005   0.00043   0.00119
   0.15881   0.03261   0.02763   0.00062   0.00002  -0.00005   0.00041   0.00101
   0.14322   0.02907   0.02160   0.00056   0.00006  -0.00002   0.00039   0.00090
   0.13022   0.02616   0.01733   0.00049   0.00007  -0.00003   0.00036   0.00078
   0.11925   0.02372   0.01417   0.00044   0.00006  -0.00004   0.00033   0.00071
   0.10983   0.02166   0.01178   0.00042   0.00008  -0.00002   0.00032   0.00064
   0.10176   0.01989   0.00994   0.00034   0.00008   0.00001   0.00031   0.00059
   0.09461   0.01836   0.00850   0.00031   0.00006   0.00002   0.00028   0.00055
   0.08827   0.01704   0.00734   0.00032   0.00007   0.00002   0.00025   0.00051
   0.08280   0.01585   0.00640   0.00027   0.00007   0.00003   0.00024   0.00047
   0.07773   0.01480   0.00563   0.00024   0.00007   0.00003   0.00024   0.00046
   0.07321   0.01386   0.00500   0.00023   0.00007   0.00003   0.00022   0.00043
   0.06917   0.01302   0.00447   0.00022   0.00007   0.00004   0.00020   0.00039
   0.06554   0.01228   0.00401   0.00020   0.00008   0.00005   0.00021   0.00035
   0.06222   0.01159   0.00363   0.00018   0.00008   0.00005   0.00020   0.00032
   0.05915   0.01097   0.00330   0.00014   0.00008   0.00004   0.00018   0.00032
   0.05634   0.01040   0.00301   0.00013   0.00007   0.00003   0.00017   0.00031
   0.05376   0.00989   0.00276   0.00013   0.00006   0.00003   0.00016   0.00029
   0.17159   0.03419   0.03759   0.00053  -0.00007  -0.00009   0.00026   0.00100
   0.14965   0.02940   0.02714   0.00059  -0.00002  -0.00009   0.00025   0.00080
   0.13264   0.02573   0.02039   0.00056   0.00000  -0.00007   0.00027   0.00061
   0.11905   0.02277   0.01578   0.00039   0.00002  -0.00006   0.00024   0.00060
   0.10776   0.02038   0.01254   0.00030   0.00002  -0.00007   0.00021   0.00053
   0.09819   0.01842   0.01019   0.00032   0.00005  -0.00003   0.00020   0.00050
   0.09009   0.01674   0.00841   0.00029   0.00003  -0.00002   0.00020   0.00045
   0.08314   0.01533   0.00705   0.00023   0.00003  -0.00002   0.00018   0.00039
   0.07703   0.01412   0.00599   0.00022   0.00004  -0.00001   0.00017   0.00036
   0.07164   0.01304   0.00515   0.00020   0.00005   0.00000   0.00016   0.00036
   0.06683   0.01210   0.00448   0.00021   0.00004   0.00001   0.00015   0.00034
   0.06277   0.01127   0.00392   0.00013   0.00004   0.00001   0.00014   0.00029
   0.05901   0.01053   0.00346   0.00011   0.00003   0.00001   0.00013   0.00027
   0.05554   0.00988   0.00309   0.00012   0.00003   0.00001   0.00012   0.00026
   0.05240   0.00928   0.00277   0.00014   0.00003   0.00001   0.00012   0.00023
   0.04959   0.00873   0.00249   0.00014   0.00003   0.00001   0.00011   0.00020
   0.04708   0.00824   0.00226   0.00012   0.00002   0.00001   0.00010   0.00019
   0.04476   0.00780   0.00206   0.00010   0.00003   0.00001   0.00009   0.00018
   0.04262   0.00740   0.00189   0.00008   0.00003   0.00001   0.00009   0.00019
   0.14260   0.02665   0.02784   0.00036  -0.00002  -0.00003   0.00021   0.00067
   0.12370   0.02280   0.01985   0.00039  -0.00003  -0.00004   0.00019   0.00054
   0.10902   0.01982   0.01474   0.00034   0.00000  -0.00001   0.00019   0.00045
   0.09728   0.01749   0.01131   0.00027   0.00001  -0.00003   0.00016   0.00038
   0.08762   0.01561   0.00892   0.00023   0.00001  -0.00002   0.00013   0.00034
   0.07950   0.01404   0.00718   0.00025   0.00002  -0.00001   0.00012   0.00031
   0.07261   0.01273   0.00589   0.00025   0.00001  -0.00001   0.00011   0.00027
   0.06677   0.01161   0.00492   0.00019   0.00001   0.00000   0.00011   0.00028
   0.06170   0.01065   0.00415   0.00015   0.00001   0.00001   0.00010   0.00028
   0.05723   0.00981   0.00355   0.00015   0.00001   0.00000   0.00009   0.00023
   0.05328   0.00908   0.00307   0.00014   0.00002  -0.00001   0.00008   0.00020
   0.04973   0.00843   0.00268   0.00013   0.00002   0.00000   0.00008   0.00021
   0.04661   0.00786   0.00236   0.00011   0.00002   0.00001   0.00007   0.00019
   0.04384   0.00735   0.00209   0.00009   0.00001   0.00000   0.00006   0.00016
   0.04130   0.00689   0.00187   0.00008   0.00001   0.00000   0.00006   0.00015
   0.03900   0.00648   0.00168   0.00008   0.00001   0.00000   0.00006   0.00014
   0.03689   0.00611   0.00152   0.00009   0.00001   0.00000   0.00006   0.00014
   0.03499   0.00577   0.00138   0.00008   0.00001   0.00000   0.00005   0.00013
   0.03327   0.00546   0.00126   0.00007   0.00001   0.00000   0.00005   0.00012
   0.09383   0.01529   0.01433   0.00011  -0.00003  -0.00002   0.00008   0.00029
   0.08012   0.01289   0.00987   0.00015   0.00000  -0.00001   0.00008   0.00021
   0.06961   0.01106   0.00713   0.00012   0.00001   0.00000   0.00007   0.00020
   0.06131   0.00964   0.00535   0.00012   0.00001   0.00000   0.00006   0.00016
   0.05465   0.00850   0.00413   0.00009   0.00001   0.00000   0.00006   0.00014
   0.04916   0.00757   0.00327   0.00008   0.00002   0.00000   0.00006   0.00012
   0.04453   0.00680   0.00264   0.00005   0.00001  -0.00001   0.00005   0.00011
   0.04053   0.00615   0.00217   0.00006   0.00001  -0.00001   0.00004   0.00010
   0.03712   0.00559   0.00181   0.00006   0.00001   0.00000   0.00005   0.00008
   0.03420   0.00511   0.00153   0.00004   0.00001   0.00000   0.00004   0.00007
   0.03160   0.00470   0.00131   0.00003   0.00001   0.00000   0.00004   0.00008
   0.02930   0.00434   0.00114   0.00004   0.00001   0.00000   0.00003   0.00006
   0.02727   0.00402   0.00099   0.00004   0.00001   0.00000   0.00003   0.00005
   0.02547   0.00373   0.00087   0.00004   0.00000   0.00000   0.00002   0.00005
   0.02386   0.00348   0.00078   0.00003   0.00000   0.00000   0.00003   0.00006
   0.02242   0.00325   0.00069   0.00002   0.00000   0.00000   0.00003   0.00006
   0.02112   0.00305   0.00062   0.00001   0.00001   0.00000   0.00002   0.00006
   0.01991   0.00286   0.00056   0.00002   0.00001   0.00000   0.00002   0.00005
   0.01881   0.00270   0.00051   0.00003   0.00001   0.00001   0.00002   0.00004
   0.05674   0.00799   0.00665   0.00011  -0.00001  -0.00001   0.00002   0.00008
   0.04773   0.00663   0.00443   0.00004  -0.00002  -0.00002   0.00002   0.00008
   0.04088   0.00560   0.00311   0.00005   0.00000  -0.00001   0.00002   0.00006
   0.03554   0.00482   0.00227   0.00004   0.00000  -0.00001   0.00002   0.00007
   0.03131   0.00420   0.00172   0.00002   0.00000  -0.00001   0.00002   0.00005
   0.02785   0.00370   0.00134   0.00001   0.00000   0.00000   0.00002   0.00005
   0.02497   0.00329   0.00106   0.00001   0.00000   0.00000   0.00002   0.00004
   0.02254   0.00295   0.00086   0.00001   0.00000   0.00000   0.00002   0.00003
   0.02045   0.00266   0.00071   0.00002   0.00000   0.00000   0.00002   0.00003
   0.01865   0.00241   0.00059   0.00002   0.00001   0.00000   0.00002   0.00003
   0.01713   0.00220   0.00050   0.00001   0.00000   0.00000   0.00001   0.00002
   0.01577   0.00201   0.00043   0.00001   0.00000   0.00000   0.00001   0.00002
   0.01458   0.00185   0.00037   0.00001   0.00000   0.00000   0.00001   0.00002
   0.01353   0.00171   0.00033   0.00001   0.00000   0.00000   0.00001   0.00002
   0.01258   0.00158   0.00029   0.00001   0.00000   0.00000   0.00001   0.00002
   0.01175   0.00147   0.00026   0.00001   0.00000   0.00000   0.00001   0.00002
   0.01100   0.00137   0.00023   0.00000   0.00000   0.00000   0.00001   0.00002
   0.01032   0.00128   0.00021   0.00001   0.00000   0.00000   0.00001   0.00002
   0.00970   0.00120   0.00019   0.00001   0.00000   0.00000   0.00001   0.00001
   0.03058   0.00364   0.00266   0.00004   0.00000  -0.00001   0.00001   0.00003
   0.02529   0.00296   0.00171   0.00000   0.00000   0.00000   0.00001   0.00003
   0.02132   0.00246   0.00116   0.00000   0.00000   0.00000   0.00001   0.00002
   0.01828   0.00209   0.00083   0.00000   0.00000   0.00000   0.00001   0.00002
   0.01587   0.00180   0.00061   0.00001   0.00000   0.00000   0.00000   0.00002
   0.01394   0.00157   0.00047   0.00001   0.00000   0.00000   0.00000   0.00001
   0.01237   0.00138   0.00037   0.00001   0.00000   0.00000   0.00000   0.00001
   0.01105   0.00122   0.00029   0.00001   0.00000   0.00000   0.00000   0.00001
   0.00994   0.00109   0.00024   0.00001   0.00000   0.00000   0.00000   0.00000
   0.00900   0.00098   0.00020   0.00000   0.00000   0.00000   0.00000   0.00001
   0.00818   0.00089   0.00017   0.00001   0.00000   0.00000   0.00000   0.00000
   0.00748   0.00081   0.00014   0.00000   0.00000   0.00000   0.00000   0.00001
   0.00686   0.00074   0.00012   0.00000   0.00000   0.00000   0.00000   0.00001
   0.00632   0.00068   0.00011   0.00000   0.00000   0.00000   0.00000   0.00001
   0.00584   0.00062   0.00009   0.00001   0.00000   0.00000   0.00000   0.00000
   0.00541   0.00057   0.00008   0.00001   0.00000   0.00000   0.00000   0.00000
   0.00503   0.00053   0.00007   0.00000   0.00000   0.00000   0.00000   0.00000
   0.00470   0.00049   0.00007   0.00000   0.00000   0.00000   0.00000   0.00000
   0.00439   0.00046   0.00006   0.00000   0.00000   0.00000   0.00000   0.00000
   0.01407   0.00137   0.00086   0.00000   0.00000   0.00000   0.00000   0.00001
   0.01134   0.00109   0.00053   0.00001   0.00000   0.00000   0.00000   0.00001
   0.00940   0.00089   0.00035   0.00000   0.00000   0.00000   0.00000   0.00000
   0.00791   0.00074   0.00024   0.00001   0.00000   0.00000   0.00000   0.00000
   0.00677   0.00063   0.00017   0.00000   0.00000   0.00000   0.00000   0.00000
   0.00587   0.00054   0.00013   0.00000   0.00000   0.00000   0.00000   0.00000
   0.00514   0.00047   0.00010   0.00000   0.00000   0.00000   0.00000   0.00000
   0.00454   0.00041   0.00008   0.00000   0.00000   0.00000   0.00000   0.00000
   0.00403   0.00036   0.00006   0.00000   0.00000   0.00000   0.00000   0.00000
   0.00360   0.00032   0.00005   0.00000   0.00000   0.00000   0.00000   0.00000
   0.00324   0.00029   0.00004   0.00000   0.00000   0.00000   0.00000   0.00000
   0.00294   0.00026   0.00004   0.00000   0.00000   0.00000   0.00000   0.00000
   0.00267   0.00024   0.00003   0.00000   0.00000   0.00000   0.00000   0.00000
   0.00244   0.00021   0.00003   0.00000   0.00000   0.00000   0.00000   0.00000
   0.00223   0.00020   0.00002   0.00000   0.00000   0.00000   0.00000   0.00000
   0.00206   0.00018   0.00002   0.00000   0.00000   0.00000   0.00000   0.00000
   0.00190   0.00016   0.00002   0.00000   0.00000   0.00000   0.00000   0.00000
   0.00176   0.00015   0.00002   0.00000   0.00000   0.00000   0.00000   0.00000
   0.00163   0.00014   0.00002   0.00000   0.00000   0.00000   0.00000   0.00000
   0.00113   0.00006   0.00003   0.00000   0.00000   0.00000   0.00000   0.00000
   0.00086   0.00005   0.00001   0.00000   0.00000   0.00000   0.00000   0.00000
   0.00067   0.00004   0.00001   0.00000   0.00000   0.00000   0.00000   0.00000
   0.00054   0.00003   0.00001   0.00000   0.00000   0.00000   0.00000   0.00000
   0.00044   0.00002   0.00000   0.00000   0.00000   0.00000   0.00000   0.00000
   0.00037   0.00002   0.00000   0.00000   0.00000   0.00000   0.00000   0.00000
   0.00031   0.00002   0.00000   0.00000   0.00000   0.00000   0.00000   0.00000
   0.00027   0.00001   0.00000   0.00000   0.00000   0.00000   0.00000   0.00000
   0.00023   0.00001   0.00000   0.00000   0.00000   0.00000   0.00000   0.00000
   0.00020   0.00001   0.00000   0.00000   0.00000   0.00000   0.00000   0.00000
   0.00017   0.00001   0.00000   0.00000   0.00000   0.00000   0.00000   0.00000
   0.00015   0.00001   0.00000   0.00000   0.00000   0.00000   0.00000   0.00000
   0.00014   0.00001   0.00000   0.00000   0.00000   0.00000   0.00000   0.00000
   0.00012   0.00001   0.00000   0.00000   0.00000   0.00000   0.00000   0.00000
   0.00011   0.00001   0.00000   0.00000   0.00000   0.00000   0.00000   0.00000
   0.00010   0.00001   0.00000   0.00000   0.00000   0.00000   0.00000   0.00000
   0.00009   0.00001   0.00000   0.00000   0.00000   0.00000   0.00000   0.00000
   0.00008   0.00001   0.00000   0.00000   0.00000   0.00000   0.00000   0.00000
   0.00007   0.00001   0.00000   0.00000   0.00000   0.00000   0.00000   0.00000
