   0.00527   0.00379   4.16160   0.42827   0.04251   0.00000   0.23879   0.43194
   0.00571   0.00398  10.53527   0.59413   0.20855   0.00000   0.40495   0.59798
   0.00611   0.00416  18.94711   0.81204   0.42662   0.00000   0.62314   0.81605
   0.00649   0.00433  29.13760   1.07776   0.69250   0.00000   0.88912   1.08193
   0.00684   0.00449  40.90144   1.38737   1.00225   0.04940   1.19897   1.39168
   0.00717   0.00464  54.13913   1.73868   1.35369   0.32870   1.55049   1.74312
   0.00749   0.00479  68.70134   2.12982   1.74496   0.74221   1.94185   2.13440
   0.00780   0.00493  84.45479   2.55836   2.17362   1.17807   2.37059   2.56307
   0.00809   0.00507 101.27483   3.02156   2.63694   1.65049   2.83398   3.02638
   0.00838   0.00520 119.07127   3.51741   3.13290   2.15442   3.33002   3.52235
   0.00865   0.00533 137.72023   4.04318   3.65878   2.68787   3.85597   4.04824
   0.00892   0.00546 156.89792   4.59187   4.20758   3.24377   4.40483   4.59703
   0.00918   0.00558 176.82750   5.16762   4.78344   3.82632   4.98075   5.17289
   0.00943   0.00570 197.49895   5.77028   5.38620   4.43541   5.58357   5.77565
   0.00968   0.00582 218.30847   6.38602   6.00204   5.05725   6.19946   6.39149
   0.00992   0.00594 239.77707   7.02631   6.64243   5.70335   6.83990   7.03189
   0.01015   0.00605 261.55347   7.68318   7.29940   6.36576   7.49692   7.68886
   0.01038   0.00616 283.61084   8.35531   7.97163   7.04320   8.16919   8.36112
   0.01060   0.00627 306.05566   9.04520   8.66161   7.73815   8.85922   9.05112
   0.00748   0.00506   4.03425   0.42202   0.03893   0.00000   0.23287   0.42510
   0.00808   0.00533   9.59390   0.56993   0.18723   0.00000   0.38112   0.57316
   0.00863   0.00559  16.63675   0.75835   0.37599   0.00000   0.56984   0.76172
   0.00914   0.00583  24.91501   0.98242   0.60038   0.00000   0.79420   0.98592
   0.00963   0.00605  34.24229   1.23811   0.85637   0.04058   1.05015   1.24173
   0.01008   0.00626  44.52573   1.52310   1.14163   0.26728   1.33539   1.52683
   0.01051   0.00647  55.63896   1.83551   1.45430   0.59891   1.64803   1.83935
   0.01093   0.00667  67.47330   2.17310   1.79214   0.94330   1.98584   2.17704
   0.01133   0.00686  79.93159   2.53348   2.15277   1.31198   2.34643   2.53752
   0.01172   0.00705  92.94511   2.91496   2.53447   1.70077   2.72811   2.91909
   0.01209   0.00722 106.42245   3.31530   2.93504   2.10806   3.12864   3.31952
   0.01245   0.00740 120.12767   3.72916   3.34912   2.52845   3.54270   3.73348
   0.01280   0.00757 134.23006   4.15965   3.77982   2.96510   3.97337   4.16406
   0.01314   0.00773 148.72430   4.60661   4.22697   3.41789   4.42050   4.61109
   0.01347   0.00790 163.17821   5.05975   4.68031   3.87656   4.87381   5.06431
   0.01379   0.00805 177.97304   5.52762   5.14838   4.34970   5.34185   5.53227
   0.01410   0.00821 192.86023   6.00436   5.62530   4.83147   5.81875   6.00909
   0.01441   0.00836 207.82683   6.48906   6.11018   5.32097   6.30360   6.49386
   0.01471   0.00850 222.95268   6.98358   6.60489   5.82009   6.79827   6.98845
   0.01061   0.00676   3.91052   0.41536   0.03543   0.00000   0.22698   0.41810
   0.01143   0.00715   8.73520   0.54638   0.16706   0.00000   0.35839   0.54925
   0.01218   0.00750  14.60456   0.70820   0.32944   0.00000   0.52057   0.71119
   0.01288   0.00784  21.29790   0.89592   0.51767   0.00000   0.70863   0.89903
   0.01354   0.00816  28.65718   1.10575   0.72797   0.03314   0.91877   1.10897
   0.01416   0.00846  36.60509   1.33552   0.95818   0.21616   1.14882   1.33884
   0.01475   0.00874  45.04100   1.58353   1.20661   0.48071   1.39711   1.58695
   0.01531   0.00902  53.88190   1.84788   1.47135   0.75139   1.66171   1.85138
   0.01585   0.00928  63.05592   2.12661   1.75046   1.03762   1.94069   2.13020
   0.01637   0.00954  72.51494   2.41835   2.04257   1.33601   2.23266   2.42202
   0.01688   0.00979  82.19409   2.72139   2.34596   1.64537   2.53593   2.72515
   0.01736   0.01003  91.92476   3.03171   2.65662   1.96163   2.84647   3.03555
   0.01784   0.01026 101.83705   3.35169   2.97692   2.28720   3.16666   3.35560
   0.01829   0.01049 111.93031   3.68119   3.30674   2.62201   3.49636   3.68516
   0.01874   0.01071 121.89775   4.01265   3.63851   2.95852   3.82802   4.01670
   0.01917   0.01092 132.01865   4.35246   3.97862   3.30313   4.16803   4.35658
   0.01959   0.01113 142.11986   4.69636   4.32280   3.65160   4.51210   4.70054
   0.02000   0.01134 152.19661   5.04373   4.67045   4.00335   4.85965   5.04797
   0.02040   0.01154 162.30907   5.39601   5.02301   4.35982   5.21211   5.40032
   0.01300   0.00801   3.83968   0.41120   0.03342   0.00000   0.22353   0.41388
   0.01399   0.00848   8.26788   0.53279   0.15577   0.00000   0.34557   0.53560
   0.01490   0.00892  13.53016   0.68028   0.30397   0.00000   0.49347   0.68322
   0.01574   0.00933  19.42570   0.84893   0.47325   0.00000   0.66250   0.85199
   0.01652   0.00972  25.81505   1.03521   0.66012   0.02936   0.84912   1.03837
   0.01726   0.01008  32.63159   1.23710   0.86256   0.19035   1.05133   1.24036
   0.01797   0.01043  39.78993   1.45306   1.07904   0.42149   1.26760   1.45642
   0.01864   0.01076  47.22098   1.68142   1.30789   0.65594   1.49625   1.68486
   0.01929   0.01109  54.86650   1.92047   1.54742   0.90207   1.73558   1.92400
   0.01991   0.01140  62.68849   2.16905   1.79644   1.15696   1.98442   2.17266
   0.02051   0.01169  70.63565   2.42570   2.05353   1.41960   2.24132   2.42939
   0.02109   0.01198  78.57030   2.68705   2.31531   1.68659   2.50292   2.69082
   0.02165   0.01227  86.60472   2.95515   2.58381   1.96000   2.77126   2.95898
   0.02220   0.01254  94.74078   3.22993   2.85898   2.23981   3.04626   3.23383
   0.02272   0.01280 102.72762   3.50506   3.13449   2.51973   3.32161   3.50903
   0.02323   0.01306 110.79912   3.78595   3.41574   2.80517   3.60272   3.78999
   0.02373   0.01331 118.81537   4.06906   3.69921   3.09264   3.88604   4.07316
   0.02422   0.01356 126.77501   4.35394   3.98444   3.38167   4.17111   4.35810
   0.02469   0.01380 134.72934   4.64183   4.27266   3.67354   4.45920   4.64605
   0.01502   0.00903   3.79004   0.40809   0.03202   0.00000   0.22107   0.41081
   0.01614   0.00958   7.95079   0.52318   0.14799   0.00000   0.33666   0.52604
   0.01718   0.01009  12.81434   0.66102   0.28664   0.00000   0.47495   0.66401
   0.01813   0.01056  18.19484   0.81705   0.44340   0.00000   0.63139   0.82015
   0.01903   0.01100  23.96620   0.98793   0.61495   0.02689   0.80265   0.99114
   0.01987   0.01142  30.06989   1.17179   0.79945   0.17367   0.98687   1.17511
   0.02067   0.01182  36.43076   1.36723   0.99549   0.38340   1.18264   1.37064
   0.02144   0.01221  42.98917   1.57271   1.20154   0.59481   1.38844   1.57621
   0.02217   0.01257  49.69554   1.78672   1.41610   0.81563   1.60276   1.79031
   0.02287   0.01293  56.51860   2.00822   1.63811   1.04322   1.82455   2.01189
   0.02355   0.01327  63.41504   2.23594   1.86634   1.27672   2.05255   2.23969
   0.02421   0.01360  70.26666   2.46692   2.09780   1.51313   2.28380   2.47075
   0.02484   0.01392  77.17451   2.70299   2.33434   1.75434   2.52013   2.70689
   0.02546   0.01423  84.14182   2.94412   2.57591   2.00032   2.76150   2.94808
   0.02605   0.01453  90.95229   3.18477   2.81700   2.24559   3.00240   3.18881
   0.02663   0.01483  97.81131   3.42973   3.06237   2.49495   3.24758   3.43382
   0.02719   0.01511 104.59871   3.67590   3.30896   2.74532   3.49398   3.68007
   0.02774   0.01539 111.31577   3.92294   3.55639   2.99638   3.74124   3.92716
   0.02827   0.01566 118.00806   4.17194   3.80578   3.24923   3.99046   4.17623
   0.01679   0.00992   3.75185   0.40557   0.03093   0.00000   0.21915   0.40836
   0.01804   0.01054   7.71266   0.51572   0.14207   0.00000   0.32985   0.51867
   0.01918   0.01110  12.28397   0.64636   0.27361   0.00000   0.46098   0.64945
   0.02024   0.01163  17.29173   0.79308   0.42114   0.00000   0.60814   0.79629
   0.02123   0.01212  22.62030   0.95272   0.58153   0.02510   0.76819   0.95604
   0.02216   0.01259  28.21730   1.12353   0.75305   0.16160   0.93938   1.12695
   0.02304   0.01303  34.01537   1.30420   0.93438   0.35591   1.12042   1.30772
   0.02389   0.01346  39.96162   1.49332   1.12414   0.55085   1.30989   1.49693
   0.02469   0.01387  46.01283   1.68951   1.32093   0.75366   1.50640   1.69322
   0.02547   0.01426  52.14250   1.89184   1.52384   0.96192   1.70905   1.89563
   0.02622   0.01464  58.31314   2.09916   1.73171   1.17486   1.91667   2.10303
   0.02694   0.01500  64.41977   2.30880   1.94189   1.38979   2.12660   2.31275
   0.02763   0.01536  70.55553   2.52246   2.15606   1.60844   2.34053   2.52648
   0.02831   0.01570  76.72475   2.74010   2.37420   1.83082   2.55844   2.74419
   0.02896   0.01604  82.73460   2.95677   2.59134   2.05198   2.77537   2.96092
   0.02960   0.01636  88.77101   3.17679   2.81183   2.27629   2.99564   3.18101
   0.03021   0.01668  94.72769   3.39741   3.03291   2.50101   3.21651   3.40171
   0.03081   0.01698 100.60686   3.61834   3.25427   2.72585   3.43767   3.62268
   0.03140   0.01728 106.45047   3.84057   3.47693   2.95183   3.66013   3.84498
   0.02372   0.01331   3.63468   0.39694   0.02762   0.00000   0.21305   0.40033
   0.02544   0.01417   7.01318   0.49235   0.12437   0.00000   0.30917   0.49593
   0.02701   0.01497  10.76247   0.60209   0.23532   0.00000   0.41956   0.60584
   0.02845   0.01571  14.74542   0.72239   0.35673   0.00000   0.54044   0.72628
   0.02980   0.01640  18.87759   0.85068   0.48604   0.02014   0.66926   0.85471
   0.03106   0.01705  23.12521   0.98558   0.62190   0.12843   0.80467   0.98974
   0.03226   0.01766  27.44276   1.12612   0.76334   0.28083   0.94568   1.13039
   0.03340   0.01825  31.79620   1.27124   0.90931   0.43146   1.09125   1.27563
   0.03449   0.01881  36.15913   1.41994   1.05883   0.58626   1.24037   1.42443
   0.03554   0.01936  40.51744   1.57157   1.21124   0.74338   1.39241   1.57616
   0.03655   0.01988  44.84868   1.72534   1.36575   0.90236   1.54657   1.73002
   0.03751   0.02038  49.08141   1.87934   1.52046   1.06126   1.70094   1.88411
   0.03845   0.02087  53.28854   2.03489   1.67670   1.22144   1.85684   2.03974
   0.03935   0.02133  57.47639   2.19203   1.83450   1.38297   2.01433   2.19696
   0.04022   0.02179  61.51141   2.34720   1.99031   1.54232   2.16983   2.35221
   0.04107   0.02223  65.52953   2.50362   2.14736   1.70273   2.32658   2.50872
   0.04189   0.02266  69.45862   2.65937   2.30371   1.86229   2.48264   2.66454
   0.04269   0.02308  73.30327   2.81428   2.45920   2.02083   2.63785   2.81951
   0.04346   0.02348  77.09537   2.96913   2.61462   2.17918   2.79300   2.97443
   0.03348   0.01795   3.51864   0.38664   0.02439   0.00000   0.20654   0.39124
   0.03584   0.01917   6.36670   0.46813   0.10766   0.00000   0.28898   0.47298
   0.03798   0.02028   9.40647   0.55903   0.20017   0.00000   0.38073   0.56409
   0.03995   0.02131  12.53584   0.65630   0.29891   0.00000   0.47878   0.66156
   0.04178   0.02227  15.69876   0.75799   0.40195   0.01598   0.58118   0.76342
   0.04349   0.02317  18.87799   0.86308   0.50831   0.10095   0.68693   0.86867
   0.04511   0.02402  22.04619   0.97090   0.61732   0.21919   0.79538   0.97664
   0.04666   0.02484  25.18449   1.08072   0.72826   0.33429   0.90579   1.08660
   0.04812   0.02561  28.27940   1.19184   0.84046   0.45111   1.01748   1.19786
   0.04953   0.02636  31.32594   1.30387   0.95351   0.56830   1.13004   1.31001
   0.05088   0.02707  34.31244   1.41628   1.06690   0.68561   1.24296   1.42254
   0.05217   0.02776  37.19206   1.52775   1.17931   0.80169   1.35492   1.53412
   0.05342   0.02842  40.02147   1.63932   1.29177   0.91761   1.46695   1.64579
   0.05462   0.02906  42.80838   1.75107   1.40440   1.03350   1.57916   1.75765
   0.05578   0.02967  45.46129   1.86050   1.51466   1.14687   1.68902   1.86717
   0.05690   0.03027  48.07924   1.96999   1.62496   1.26012   1.79893   1.97675
   0.05799   0.03085  50.61392   2.07820   1.73395   1.37192   1.90755   2.08505
   0.05904   0.03141  53.07117   2.18508   1.84159   1.48223   2.01482   2.19201
   0.06007   0.03195  55.47482   2.29123   1.94847   1.59168   2.12135   2.29825
   0.04094   0.02148   3.45041   0.37951   0.02254   0.00000   0.20237   0.38513
   0.04377   0.02296   6.00836   0.45322   0.09834   0.00000   0.27719   0.45913
   0.04634   0.02432   8.67633   0.53396   0.18098   0.00000   0.35895   0.54012
   0.04869   0.02557  11.37143   0.61915   0.26789   0.00000   0.44506   0.62554
   0.05088   0.02673  14.05241   0.70717   0.35750   0.01386   0.53392   0.71376
   0.05292   0.02782  16.71053   0.79720   0.44901   0.08712   0.62474   0.80398
   0.05485   0.02885  19.32741   0.88874   0.54193   0.18836   0.71701   0.89569
   0.05668   0.02983  21.89130   0.98120   0.63572   0.28603   0.81017   0.98832
   0.05842   0.03076  24.39459   1.07408   0.72984   0.38441   0.90370   1.08134
   0.06009   0.03165  26.83636   1.16705   0.82401   0.48242   0.99731   1.17447
   0.06168   0.03251  29.20973   1.25976   0.91786   0.57988   1.09062   1.26731
   0.06321   0.03333  31.47873   1.35114   1.01033   0.67574   1.18256   1.35881
   0.06467   0.03412  33.69226   1.44209   1.10232   0.77094   1.27407   1.44988
   0.06609   0.03488  35.85814   1.53272   1.19396   0.86560   1.36523   1.54064
   0.06745   0.03561  37.90388   1.62101   1.28323   0.95773   1.45403   1.62903
   0.06877   0.03632  39.91124   1.70895   1.37210   1.04932   1.54245   1.71707
   0.07005   0.03701  41.84253   1.79547   1.45953   1.13934   1.62945   1.80370
   0.07128   0.03767  43.70357   1.88056   1.54549   1.22778   1.71500   1.88888
   0.07248   0.03832  45.51447   1.96474   1.63052   1.31517   1.79962   1.97314
   0.04721   0.02447   3.40138   0.37379   0.02125   0.00000   0.19914   0.38028
   0.05043   0.02618   5.76094   0.44213   0.09194   0.00000   0.26874   0.44894
   0.05334   0.02774   8.18133   0.51603   0.16796   0.00000   0.34378   0.52312
   0.05602   0.02918  10.59270   0.59322   0.24707   0.00000   0.42200   0.60056
   0.05849   0.03051  12.96355   0.67228   0.32790   0.01249   0.50201   0.67984
   0.06080   0.03175  15.29050   0.75256   0.40983   0.07818   0.58317   0.76033
   0.06298   0.03292  17.56081   0.83364   0.49246   0.16852   0.66507   0.84160
   0.06504   0.03404  19.76703   0.91505   0.57534   0.25510   0.74726   0.92319
   0.06700   0.03510  21.90514   0.99638   0.65806   0.34183   0.82932   1.00468
   0.06887   0.03611  23.97650   1.07738   0.74039   0.42779   0.91103   1.08584
   0.07066   0.03708  25.97701   1.15777   0.82204   0.51286   0.99210   1.16638
   0.07237   0.03800  27.87729   1.23666   0.90214   0.59616   1.07162   1.24541
   0.07402   0.03890  29.72107   1.31486   0.98150   0.67854   1.15043   1.32374
   0.07561   0.03976  31.51622   1.39250   1.06025   0.76015   1.22866   1.40150
   0.07713   0.04058  33.20169   1.46783   1.13666   0.83926   1.30456   1.47695
   0.07860   0.04138  34.84850   1.54261   1.21248   0.91765   1.37989   1.55184
   0.08003   0.04215  36.42523   1.61595   1.28682   0.99443   1.45375   1.62529
   0.08140   0.04290  37.93759   1.68783   1.35967   1.06963   1.52614   1.69727
   0.08274   0.04363  39.40340   1.75874   1.43152   1.14371   1.59755   1.76828
   0.05270   0.02722   3.36230   0.36877   0.02027   0.00000   0.19627   0.37590
   0.05625   0.02913   5.56861   0.43306   0.08712   0.00000   0.26193   0.44052
   0.05946   0.03087   7.80073   0.50185   0.15822   0.00000   0.33196   0.50962
   0.06241   0.03247   9.99926   0.57310   0.23157   0.00000   0.40433   0.58113
   0.06512   0.03394  12.14047   0.64557   0.30598   0.01149   0.47783   0.65384
   0.06765   0.03531  14.22458   0.71871   0.38091   0.07165   0.55192   0.72719
   0.07004   0.03661  16.24274   0.79216   0.45604   0.15405   0.62626   0.80084
   0.07229   0.03784  18.19061   0.86555   0.53102   0.23259   0.70049   0.87442
   0.07444   0.03901  20.06685   0.93851   0.60550   0.31091   0.77426   0.94755
   0.07648   0.04012  21.87428   1.01089   0.67931   0.38818   0.84739   1.02009
   0.07843   0.04119  23.60918   1.08244   0.75223   0.46437   0.91966   1.09179
   0.08030   0.04221  25.24994   1.15240   0.82350   0.53871   0.99032   1.16190
   0.08209   0.04318  26.83463   1.22151   0.89386   0.61195   1.06008   1.23114
   0.08382   0.04413  28.37086   1.28987   0.96344   0.68425   1.12909   1.29964
   0.08547   0.04503  29.80495   1.35602   1.03075   0.75415   1.19584   1.36591
   0.08707   0.04590  31.20174   1.42152   1.09736   0.82322   1.26192   1.43151
   0.08861   0.04675  32.53477   1.48557   1.16249   0.89069   1.32654   1.49568
   0.09010   0.04756  33.80771   1.54818   1.22614   0.95657   1.38969   1.55838
   0.09155   0.04835  35.03682   1.60977   1.28875   1.02131   1.45182   1.62008
   0.07422   0.03828   3.23663   0.35033   0.01729   0.00000   0.18624   0.36003
   0.07902   0.04095   4.99249   0.40250   0.07280   0.00000   0.24019   0.41260
   0.08333   0.04336   6.69249   0.45651   0.12980   0.00000   0.29580   0.46695
   0.08725   0.04556   8.30627   0.51096   0.18696   0.00000   0.35169   0.52171
   0.09086   0.04757   9.82916   0.56509   0.24357   0.00872   0.40713   0.57611
   0.09420   0.04944  11.27110   0.61864   0.29942   0.05382   0.46189   0.62990
   0.09734   0.05119  12.63316   0.67146   0.35439   0.11480   0.51585   0.68294
   0.10029   0.05284  13.91819   0.72339   0.40834   0.17189   0.56885   0.73508
   0.10308   0.05440  15.13035   0.77425   0.46112   0.22797   0.62072   0.78613
   0.10574   0.05588  16.27565   0.82402   0.51270   0.28256   0.67144   0.83607
   0.10826   0.05729  17.35497   0.87259   0.56299   0.33568   0.72091   0.88481
   0.11066   0.05863  18.35672   0.91950   0.61155   0.38689   0.76868   0.93187
   0.11297   0.05990  19.30920   0.96532   0.65894   0.43678   0.81533   0.97783
   0.11517   0.06113  20.21938   1.01019   0.70532   0.48551   0.86099   1.02284
   0.11728   0.06230  21.05333   1.05312   0.74971   0.53213   0.90468   1.06590
   0.11931   0.06343  21.85579   1.09525   0.79323   0.57778   0.94754   1.10814
   0.12127   0.06452  22.61040   1.13607   0.83539   0.62196   0.98906   1.14908
   0.12315   0.06556  23.32080   1.17561   0.87623   0.66472   1.02927   1.18872
   0.12498   0.06657  23.99844   1.21419   0.91607   0.70639   1.06851   1.22740
   0.10473   0.05511   3.09838   0.32584   0.01445   0.00001   0.17338   0.33882
   0.11111   0.05877   4.43612   0.36668   0.05953   0.00001   0.21646   0.38009
   0.11681   0.06204   5.67029   0.40748   0.10410   0.00002   0.25925   0.42124
   0.12194   0.06497   6.79476   0.44739   0.14739   0.00001   0.30093   0.46147
   0.12662   0.06765   7.81793   0.48607   0.18917   0.00644   0.34124   0.50042
   0.13094   0.07010   8.75642   0.52349   0.22944   0.03926   0.38015   0.53808
   0.13497   0.07238   9.61720   0.55967   0.26827   0.08300   0.41771   0.57447
   0.13873   0.07452  10.40764   0.59458   0.30567   0.12315   0.45391   0.60957
   0.14227   0.07652  11.13506   0.62819   0.34163   0.16194   0.48874   0.64336
   0.14562   0.07840  11.80638   0.66057   0.37624   0.19913   0.52229   0.67591
   0.14879   0.08018  12.42450   0.69172   0.40949   0.23481   0.55453   0.70720
   0.15177   0.08186  12.98358   0.72134   0.44110   0.26870   0.58518   0.73694
   0.15462   0.08346  13.50563   0.74992   0.47158   0.30132   0.61474   0.76564
   0.15735   0.08498  13.99638   0.77759   0.50109   0.33284   0.64336   0.79344
   0.15994   0.08643  14.43365   0.80370   0.52893   0.36260   0.67036   0.81964
   0.16243   0.08781  14.84781   0.82905   0.55595   0.39144   0.69658   0.84510
   0.16480   0.08913  15.22944   0.85335   0.58185   0.41907   0.72170   0.86949
   0.16709   0.09040  15.58145   0.87661   0.60667   0.44553   0.74576   0.89284
   0.16930   0.09161  15.91156   0.89909   0.63064   0.47108   0.76901   0.91541
   0.12833   0.06885   3.00716   0.30809   0.01284   0.00001   0.16427   0.32334
   0.13580   0.07317   4.11661   0.34266   0.05219   0.00001   0.20136   0.35834
   0.14241   0.07698   5.10886   0.37642   0.09018   0.00002   0.23733   0.39242
   0.14835   0.08039   5.98858   0.40881   0.12637   0.00001   0.27170   0.42509
   0.15372   0.08347   6.77038   0.43969   0.16069   0.00529   0.30436   0.45622
   0.15866   0.08627   7.47185   0.46911   0.19330   0.03206   0.33543   0.48585
   0.16322   0.08887   8.10256   0.49718   0.22431   0.06741   0.36502   0.51411
   0.16748   0.09127   8.67050   0.52395   0.25383   0.09947   0.39322   0.54104
   0.17147   0.09351   9.18309   0.54943   0.28190   0.13013   0.42003   0.56666
   0.17522   0.09562   9.64813   0.57370   0.30862   0.15920   0.44556   0.59107
   0.17877   0.09758  10.07095   0.59683   0.33406   0.18685   0.46988   0.61434
   0.18210   0.09944  10.44525   0.61857   0.35800   0.21285   0.49275   0.63617
   0.18525   0.10119  10.78880   0.63937   0.38088   0.23768   0.51461   0.65707
   0.18827   0.10286  11.10668   0.65936   0.40285   0.26149   0.53561   0.67715
   0.19111   0.10443  11.38490   0.67805   0.42344   0.28381   0.55528   0.69591
   0.19383   0.10593  11.64480   0.69607   0.44328   0.30530   0.57423   0.71400
   0.19644   0.10736  11.87941   0.71317   0.46214   0.32572   0.59222   0.73117
   0.19892   0.10871  12.09259   0.72944   0.48008   0.34516   0.60934   0.74750
   0.20129   0.11002  12.29009   0.74507   0.49733   0.36383   0.62580   0.76318
   0.14842   0.08094   2.93523   0.29368   0.01171   0.00000   0.15694   0.31069
   0.15670   0.08573   3.89003   0.32399   0.04717   0.00001   0.18993   0.34137
   0.16400   0.08992   4.72379   0.35307   0.08079   0.00002   0.22136   0.37073
   0.17050   0.09365   5.44750   0.38054   0.11233   0.00001   0.25094   0.39846
   0.17638   0.09699   6.07836   0.40640   0.14188   0.00456   0.27870   0.42452
   0.18174   0.10002   6.63456   0.43075   0.16962   0.02749   0.30479   0.44905
   0.18668   0.10280   7.12632   0.45375   0.19575   0.05758   0.32939   0.47219
   0.19127   0.10536   7.56207   0.47546   0.22038   0.08459   0.35260   0.49403
   0.19555   0.10774   7.94926   0.49594   0.24360   0.11022   0.37448   0.51462
   0.19955   0.10997   8.29526   0.51528   0.26553   0.13435   0.39514   0.53406
   0.20335   0.11203   8.60525   0.53355   0.28625   0.15713   0.41467   0.55245
   0.20687   0.11397   8.87474   0.55059   0.30560   0.17839   0.43288   0.56954
   0.21021   0.11580   9.11866   0.56677   0.32397   0.19858   0.45017   0.58578
   0.21339   0.11753   9.34149   0.58222   0.34151   0.21783   0.46668   0.60131
   0.21637   0.11915   9.53218   0.59654   0.35783   0.23576   0.48202   0.61567
   0.21923   0.12070   9.70818   0.61027   0.37347   0.25293   0.49672   0.62944
   0.22196   0.12216   9.86408   0.62322   0.38825   0.26916   0.51058   0.64242
   0.22454   0.12355  10.00307   0.63545   0.40223   0.28453   0.52370   0.65468
   0.22701   0.12488  10.12982   0.64714   0.41560   0.29922   0.53624   0.66639
   0.16625   0.09189   2.87405   0.28147   0.01087   0.00002   0.15075   0.29988
   0.17519   0.09702   3.71353   0.30857   0.04339   0.00004   0.18066   0.32730
   0.18301   0.10148   4.43213   0.33417   0.07378   0.00004   0.20874   0.35315
   0.18994   0.10542   5.04488   0.35811   0.10196   0.00005   0.23485   0.37730
   0.19618   0.10892   5.56980   0.38035   0.12806   0.00407   0.25906   0.39970
   0.20186   0.11209   6.02571   0.40111   0.15236   0.02427   0.28163   0.42059
   0.20705   0.11499   6.42270   0.42053   0.17503   0.05062   0.30270   0.44011
   0.21187   0.11765   6.76965   0.43870   0.19625   0.07410   0.32242   0.45838
   0.21635   0.12010   7.07351   0.45572   0.21611   0.09623   0.34089   0.47547
   0.22052   0.12237   7.34112   0.47167   0.23474   0.11693   0.35820   0.49148
   0.22444   0.12451   7.57773   0.48664   0.25223   0.13638   0.37445   0.50649
   0.22809   0.12647   7.77856   0.50049   0.26847   0.15443   0.38950   0.52039
   0.23154   0.12831   7.95835   0.51355   0.28380   0.17146   0.40370   0.53349
   0.23481   0.13006   8.12101   0.52592   0.29834   0.18761   0.41717   0.54590
   0.23789   0.13168   8.25623   0.53733   0.31181   0.20260   0.42961   0.55734
   0.24083   0.13322   8.37978   0.54821   0.32466   0.21690   0.44149   0.56825
   0.24360   0.13468   8.48748   0.55841   0.33675   0.23035   0.45264   0.57846
   0.24623   0.13605   8.58109   0.56799   0.34814   0.24303   0.46312   0.58804
   0.24874   0.13736   8.66466   0.57709   0.35897   0.25511   0.47309   0.59715
   0.23766   0.13666   2.63988   0.23755   0.00824   0.00002   0.12854   0.26022
   0.24833   0.14241   3.14831   0.25534   0.03209   0.00002   0.14938   0.27803
   0.25744   0.14729   3.55181   0.27126   0.05330   0.00002   0.16796   0.29394
   0.26538   0.15146   3.87172   0.28545   0.07218   0.00003   0.18449   0.30805
   0.27239   0.15507   4.12722   0.29806   0.08902   0.00267   0.19920   0.32063
   0.27865   0.15826   4.33458   0.30939   0.10419   0.01563   0.21244   0.33190
   0.28430   0.16109   4.50271   0.31961   0.11794   0.03224   0.22441   0.34204
   0.28945   0.16362   4.63925   0.32883   0.13046   0.04665   0.23526   0.35119
   0.29414   0.16592   4.74971   0.33718   0.14187   0.05990   0.24512   0.35945
   0.29844   0.16802   4.83951   0.34477   0.15231   0.07203   0.25412   0.36693
   0.30241   0.16991   4.91107   0.35167   0.16189   0.08320   0.26234   0.37375
   0.30607   0.17163   4.96508   0.35783   0.17058   0.09335   0.26974   0.37982
   0.30945   0.17322   5.00830   0.36348   0.17863   0.10277   0.27656   0.38537
   0.31261   0.17470   5.04307   0.36872   0.18613   0.11157   0.28290   0.39050
   0.31555   0.17602   5.06363   0.37333   0.19289   0.11955   0.28856   0.39501
   0.31832   0.17725   5.07962   0.37762   0.19924   0.12706   0.29386   0.39921
   0.32089   0.17838   5.08904   0.38151   0.20510   0.13400   0.29871   0.40301
   0.32330   0.17943   5.09243   0.38503   0.21050   0.14044   0.30315   0.40644
   0.32559   0.18042   5.09199   0.38828   0.21554   0.14649   0.30728   0.40960
   0.34080   0.19974   2.29970   0.18609   0.00562  -0.00010   0.10205   0.21102
   0.35150   0.20429   2.52765   0.19563   0.02148  -0.00010   0.11465   0.22015
   0.36030   0.20789   2.68473   0.20352   0.03480  -0.00009   0.12513   0.22754
   0.36760   0.21074   2.79061   0.20996   0.04607  -0.00009   0.13391   0.23364
   0.37377   0.21305   2.86036   0.21529   0.05568   0.00143   0.14127   0.23857
   0.37907   0.21496   2.90528   0.21973   0.06398   0.00888   0.14755   0.24263
   0.38369   0.21650   2.93107   0.22342   0.07124   0.01821   0.15295   0.24599
   0.38767   0.21778   2.94251   0.22654   0.07760   0.02604   0.15759   0.24876
   0.39116   0.21886   2.94313   0.22915   0.08322   0.03305   0.16161   0.25101
   0.39430   0.21971   2.93589   0.23128   0.08820   0.03930   0.16509   0.25284
   0.39703   0.22042   2.92219   0.23307   0.09262   0.04491   0.16811   0.25433
   0.39948   0.22092   2.90245   0.23442   0.09647   0.04987   0.17068   0.25545
   0.40162   0.22136   2.87990   0.23557   0.09993   0.05437   0.17292   0.25635
   0.40351   0.22176   2.85557   0.23655   0.10308   0.05850   0.17492   0.25707
   0.40518   0.22197   2.82720   0.23718   0.10578   0.06212   0.17652   0.25746
   0.40672   0.22214   2.79854   0.23769   0.10827   0.06545   0.17795   0.25775
   0.40809   0.22223   2.76844   0.23802   0.11049   0.06844   0.17919   0.25787
   0.40928   0.22227   2.73752   0.23821   0.11248   0.07120   0.18022   0.25785
   0.41034   0.22226   2.70665   0.23830   0.11429   0.07376   0.18112   0.25773
   0.41841   0.24222   2.02765   0.15359   0.00430  -0.00002   0.08499   0.17782
   0.42694   0.24435   2.12304   0.15893   0.01589   0.00002   0.09328   0.18239
   0.43356   0.24569   2.17238   0.16294   0.02530   0.00002   0.09980   0.18567
   0.43866   0.24648   2.19096   0.16591   0.03294   0.00000   0.10494   0.18792
   0.44266   0.24688   2.19002   0.16804   0.03922   0.00102   0.10901   0.18949
   0.44589   0.24691   2.17640   0.16957   0.04454   0.00600   0.11231   0.19053
   0.44842   0.24676   2.15401   0.17063   0.04903   0.01215   0.11497   0.19112
   0.45043   0.24642   2.12578   0.17134   0.05289   0.01717   0.11713   0.19133
   0.45203   0.24591   2.09381   0.17173   0.05620   0.02154   0.11886   0.19125
   0.45328   0.24532   2.05950   0.17185   0.05903   0.02539   0.12023   0.19098
   0.45418   0.24467   2.02389   0.17182   0.06147   0.02881   0.12136   0.19060
   0.45473   0.24394   1.98664   0.17153   0.06353   0.03173   0.12216   0.18993
   0.45510   0.24315   1.94967   0.17118   0.06536   0.03437   0.12279   0.18917
   0.45536   0.24233   1.91345   0.17077   0.06699   0.03677   0.12328   0.18837
   0.45547   0.24137   1.87654   0.17010   0.06831   0.03879   0.12358   0.18747
   0.45543   0.24044   1.84098   0.16942   0.06949   0.04063   0.12378   0.18654
   0.45518   0.23955   1.80599   0.16872   0.07051   0.04227   0.12384   0.18552
   0.45486   0.23860   1.77178   0.16793   0.07139   0.04375   0.12382   0.18447
   0.45452   0.23764   1.73872   0.16709   0.07216   0.04511   0.12375   0.18344
   0.47959   0.27101   1.79317   0.12967   0.00341   0.00008   0.07211   0.15190
   0.48482   0.27032   1.81276   0.13240   0.01218   0.00005   0.07765   0.15367
   0.48821   0.26924   1.80418   0.13411   0.01911   0.00007   0.08174   0.15446
   0.49042   0.26774   1.77895   0.13500   0.02460   0.00008   0.08477   0.15462
   0.49171   0.26608   1.74426   0.13541   0.02904   0.00081   0.08701   0.15427
   0.49232   0.26428   1.70485   0.13541   0.03266   0.00433   0.08866   0.15368
   0.49241   0.26240   1.66273   0.13509   0.03565   0.00866   0.08985   0.15285
   0.49206   0.26051   1.61939   0.13458   0.03813   0.01211   0.09071   0.15185
   0.49143   0.25855   1.57605   0.13391   0.04019   0.01508   0.09131   0.15073
   0.49056   0.25655   1.53350   0.13312   0.04193   0.01766   0.09167   0.14951
   0.48944   0.25466   1.49192   0.13225   0.04344   0.01991   0.09185   0.14815
   0.48812   0.25269   1.45111   0.13123   0.04461   0.02175   0.09186   0.14678
   0.48673   0.25072   1.41202   0.13019   0.04562   0.02342   0.09177   0.14540
   0.48528   0.24879   1.37477   0.12916   0.04650   0.02493   0.09160   0.14400
   0.48357   0.24693   1.33836   0.12809   0.04721   0.02616   0.09131   0.14255
   0.48188   0.24509   1.30391   0.12700   0.04780   0.02729   0.09098   0.14117
   0.48019   0.24321   1.27085   0.12584   0.04827   0.02829   0.09058   0.13985
   0.47841   0.24141   1.23911   0.12471   0.04865   0.02915   0.09015   0.13846
   0.47661   0.23968   1.20885   0.12361   0.04898   0.02989   0.08971   0.13705
   0.52800   0.28940   1.58630   0.11053   0.00269   0.00004   0.06152   0.13021
   0.52913   0.28596   1.55935   0.11148   0.00953   0.00010   0.06518   0.13012
   0.52893   0.28241   1.51762   0.11173   0.01473   0.00008   0.06769   0.12934
   0.52786   0.27872   1.46891   0.11132   0.01885   0.00008   0.06932   0.12830
   0.52609   0.27518   1.41775   0.11072   0.02203   0.00064   0.07045   0.12684
   0.52390   0.27170   1.36676   0.10986   0.02457   0.00322   0.07112   0.12535
   0.52137   0.26829   1.31676   0.10882   0.02660   0.00628   0.07148   0.12378
   0.51864   0.26492   1.26850   0.10768   0.02825   0.00872   0.07161   0.12217
   0.51573   0.26166   1.22240   0.10649   0.02960   0.01083   0.07155   0.12050
   0.51269   0.25853   1.17863   0.10531   0.03071   0.01265   0.07137   0.11876
   0.50961   0.25547   1.13717   0.10400   0.03159   0.01419   0.07109   0.11717
   0.50640   0.25250   1.09759   0.10270   0.03229   0.01544   0.07074   0.11545
   0.50322   0.24961   1.06047   0.10138   0.03289   0.01655   0.07031   0.11382
   0.50008   0.24681   1.02570   0.10007   0.03338   0.01753   0.06982   0.11229
   0.49680   0.24410   0.99239   0.09881   0.03372   0.01833   0.06926   0.11069
   0.49359   0.24151   0.96123   0.09759   0.03401   0.01906   0.06871   0.10914
   0.49038   0.23901   0.93172   0.09639   0.03424   0.01972   0.06815   0.10758
   0.48727   0.23652   0.90380   0.09515   0.03442   0.02023   0.06757   0.10608
   0.48427   0.23409   0.87749   0.09392   0.03456   0.02066   0.06699   0.10463
   0.57309   0.30121   1.35921   0.09079   0.00205   0.00009   0.05050   0.10710
   0.56890   0.29431   1.29844   0.09019   0.00716   0.00004   0.05257   0.10560
   0.56381   0.28801   1.23474   0.08938   0.01092   0.00010   0.05380   0.10366
   0.55849   0.28191   1.17201   0.08811   0.01377   0.00008   0.05441   0.10172
   0.55279   0.27629   1.11244   0.08679   0.01594   0.00044   0.05463   0.09967
   0.54712   0.27096   1.05684   0.08538   0.01762   0.00228   0.05458   0.09766
   0.54139   0.26592   1.00505   0.08389   0.01895   0.00441   0.05440   0.09567
   0.53574   0.26106   0.95693   0.08237   0.01998   0.00606   0.05407   0.09374
   0.53014   0.25645   0.91236   0.08088   0.02079   0.00746   0.05363   0.09184
   0.52457   0.25216   0.87117   0.07946   0.02147   0.00864   0.05312   0.08992
   0.51905   0.24807   0.83305   0.07809   0.02194   0.00968   0.05257   0.08814
   0.51372   0.24406   0.79751   0.07660   0.02231   0.01050   0.05195   0.08648
   0.50851   0.24024   0.76464   0.07522   0.02259   0.01117   0.05135   0.08481
   0.50344   0.23664   0.73424   0.07394   0.02282   0.01174   0.05077   0.08313
   0.49849   0.23310   0.70577   0.07259   0.02296   0.01225   0.05010   0.08161
   0.49365   0.22976   0.67941   0.07133   0.02306   0.01269   0.04946   0.08014
   0.48882   0.22659   0.65477   0.07014   0.02312   0.01302   0.04885   0.07867
   0.48417   0.22349   0.63169   0.06897   0.02315   0.01331   0.04823   0.07727
   0.47969   0.22051   0.61011   0.06784   0.02318   0.01357   0.04760   0.07592
   0.60359   0.30307   1.16193   0.07412   0.00164   0.00016   0.04130   0.08745
   0.59369   0.29347   1.08331   0.07284   0.00539   0.00014   0.04229   0.08515
   0.58388   0.28471   1.00984   0.07127   0.00815   0.00013   0.04269   0.08281
   0.57431   0.27668   0.94265   0.06963   0.01021   0.00016   0.04271   0.08042
   0.56497   0.26933   0.88195   0.06804   0.01169   0.00040   0.04242   0.07821
   0.55597   0.26257   0.82726   0.06636   0.01287   0.00167   0.04206   0.07601
   0.54730   0.25623   0.77780   0.06473   0.01374   0.00320   0.04159   0.07392
   0.53891   0.25033   0.73303   0.06319   0.01438   0.00436   0.04103   0.07192
   0.53080   0.24479   0.69247   0.06168   0.01487   0.00531   0.04042   0.07002
   0.52303   0.23955   0.65564   0.06022   0.01525   0.00611   0.03977   0.06828
   0.51551   0.23469   0.62208   0.05889   0.01551   0.00671   0.03912   0.06652
   0.50824   0.23000   0.59129   0.05747   0.01571   0.00726   0.03852   0.06488
   0.50128   0.22553   0.56320   0.05615   0.01585   0.00770   0.03789   0.06333
   0.49463   0.22129   0.53753   0.05494   0.01596   0.00808   0.03726   0.06186
   0.48808   0.21731   0.51364   0.05376   0.01595   0.00842   0.03663   0.06043
   0.48183   0.21352   0.49175   0.05264   0.01596   0.00870   0.03602   0.05908
   0.47578   0.20985   0.47152   0.05152   0.01599   0.00890   0.03540   0.05781
   0.46992   0.20635   0.45272   0.05047   0.01595   0.00906   0.03482   0.05658
   0.46427   0.20302   0.43525   0.04947   0.01588   0.00921   0.03428   0.05541
   0.62100   0.29784   0.98986   0.06021   0.00118   0.00007   0.03333   0.07056
   0.60584   0.28573   0.90350   0.05840   0.00412   0.00003   0.03368   0.06797
   0.59147   0.27506   0.82746   0.05650   0.00615   0.00000   0.03364   0.06555
   0.57796   0.26554   0.76094   0.05472   0.00766   0.00006   0.03334   0.06310
   0.56527   0.25689   0.70279   0.05302   0.00870   0.00028   0.03289   0.06082
   0.55336   0.24901   0.65175   0.05141   0.00949   0.00119   0.03232   0.05869
   0.54209   0.24171   0.60659   0.04981   0.01006   0.00227   0.03176   0.05675
   0.53137   0.23504   0.56643   0.04825   0.01048   0.00309   0.03120   0.05489
   0.52122   0.22880   0.53062   0.04677   0.01079   0.00381   0.03055   0.05319
   0.51161   0.22291   0.49861   0.04543   0.01100   0.00443   0.02991   0.05159
   0.50240   0.21746   0.46989   0.04416   0.01117   0.00492   0.02926   0.05007
   0.49353   0.21234   0.44380   0.04298   0.01125   0.00521   0.02867   0.04857
   0.48514   0.20747   0.42016   0.04181   0.01129   0.00548   0.02808   0.04723
   0.47720   0.20285   0.39868   0.04067   0.01131   0.00574   0.02750   0.04602
   0.46942   0.19855   0.37890   0.03961   0.01130   0.00589   0.02692   0.04483
   0.46204   0.19451   0.36091   0.03865   0.01129   0.00604   0.02636   0.04366
   0.45493   0.19067   0.34447   0.03779   0.01129   0.00619   0.02580   0.04246
   0.44810   0.18701   0.32935   0.03693   0.01124   0.00629   0.02529   0.04139
   0.44154   0.18353   0.31542   0.03607   0.01116   0.00638   0.02480   0.04040
   0.62734   0.28683   0.84015   0.04816   0.00090   0.00003   0.02662   0.05639
   0.60698   0.27308   0.75233   0.04633   0.00308   0.00002   0.02658   0.05373
   0.58860   0.26098   0.67824   0.04449   0.00457   0.00003   0.02623   0.05132
   0.57160   0.25034   0.61529   0.04268   0.00565   0.00001   0.02581   0.04908
   0.55597   0.24087   0.56163   0.04106   0.00642   0.00018   0.02532   0.04688
   0.54140   0.23239   0.51550   0.03958   0.00695   0.00087   0.02471   0.04493
   0.52793   0.22452   0.47548   0.03812   0.00735   0.00168   0.02411   0.04315
   0.51524   0.21730   0.44044   0.03680   0.00762   0.00230   0.02346   0.04158
   0.50339   0.21059   0.40944   0.03550   0.00779   0.00277   0.02283   0.04016
   0.49231   0.20433   0.38191   0.03424   0.00794   0.00309   0.02226   0.03879
   0.48167   0.19872   0.35750   0.03320   0.00800   0.00339   0.02170   0.03738
   0.47153   0.19342   0.33568   0.03219   0.00805   0.00363   0.02119   0.03605
   0.46202   0.18840   0.31608   0.03121   0.00809   0.00383   0.02065   0.03487
   0.45308   0.18366   0.29841   0.03026   0.00813   0.00401   0.02010   0.03383
   0.44432   0.17930   0.28241   0.02945   0.00803   0.00417   0.01961   0.03280
   0.43608   0.17519   0.26785   0.02867   0.00796   0.00428   0.01914   0.03185
   0.42827   0.17126   0.25448   0.02787   0.00794   0.00433   0.01866   0.03097
   0.42081   0.16751   0.24237   0.02711   0.00786   0.00438   0.01824   0.03016
   0.41370   0.16393   0.23134   0.02637   0.00775   0.00441   0.01786   0.02942
   0.62374   0.27185   0.71003   0.03818   0.00068   0.00005   0.02096   0.04434
   0.59904   0.25678   0.62476   0.03637   0.00231   0.00005   0.02073   0.04186
   0.57689   0.24392   0.55494   0.03460   0.00343   0.00002   0.02034   0.03964
   0.55700   0.23258   0.49719   0.03303   0.00418  -0.00004   0.01985   0.03757
   0.53885   0.22259   0.44913   0.03159   0.00468   0.00022   0.01923   0.03582
   0.52240   0.21351   0.40829   0.03013   0.00511   0.00068   0.01863   0.03422
   0.50713   0.20535   0.37323   0.02888   0.00540   0.00118   0.01808   0.03264
   0.49288   0.19797   0.34293   0.02778   0.00556   0.00161   0.01751   0.03123
   0.47962   0.19118   0.31656   0.02673   0.00568   0.00199   0.01702   0.02990
   0.46728   0.18491   0.29352   0.02572   0.00574   0.00229   0.01659   0.02865
   0.45565   0.17912   0.27319   0.02474   0.00569   0.00243   0.01604   0.02773
   0.44472   0.17370   0.25509   0.02387   0.00578   0.00256   0.01554   0.02668
   0.43440   0.16869   0.23899   0.02307   0.00581   0.00269   0.01510   0.02570
   0.42465   0.16403   0.22460   0.02233   0.00579   0.00280   0.01470   0.02480
   0.41546   0.15959   0.21157   0.02159   0.00566   0.00287   0.01426   0.02411
   0.40679   0.15545   0.19985   0.02090   0.00556   0.00293   0.01386   0.02342
   0.39851   0.15155   0.18924   0.02025   0.00551   0.00297   0.01348   0.02270
   0.39062   0.14786   0.17957   0.01964   0.00547   0.00300   0.01314   0.02201
   0.38312   0.14439   0.17072   0.01909   0.00542   0.00303   0.01282   0.02136
   0.61182   0.25391   0.59709   0.02982   0.00052   0.00008   0.01634   0.03436
   0.58329   0.23809   0.51687   0.02809   0.00179   0.00007   0.01601   0.03219
   0.55846   0.22447   0.45304   0.02639   0.00260   0.00015   0.01562   0.03032
   0.53599   0.21290   0.40109   0.02503   0.00323   0.00011   0.01507   0.02855
   0.51592   0.20265   0.35838   0.02382   0.00356   0.00018   0.01460   0.02695
   0.49776   0.19353   0.32281   0.02263   0.00379   0.00051   0.01402   0.02568
   0.48104   0.18543   0.29273   0.02159   0.00396   0.00090   0.01352   0.02442
   0.46571   0.17799   0.26696   0.02061   0.00407   0.00123   0.01306   0.02331
   0.45151   0.17123   0.24483   0.01970   0.00415   0.00147   0.01261   0.02226
   0.43827   0.16509   0.22567   0.01891   0.00424   0.00161   0.01217   0.02121
   0.42577   0.15952   0.20858   0.01829   0.00420   0.00182   0.01175   0.02030
   0.41436   0.15412   0.19368   0.01754   0.00419   0.00188   0.01134   0.01955
   0.40362   0.14918   0.18062   0.01685   0.00416   0.00196   0.01094   0.01885
   0.39351   0.14466   0.16907   0.01621   0.00412   0.00207   0.01056   0.01820
   0.38391   0.14039   0.15866   0.01564   0.00410   0.00204   0.01026   0.01751
   0.37497   0.13642   0.14932   0.01506   0.00405   0.00204   0.00997   0.01691
   0.36659   0.13270   0.14090   0.01443   0.00397   0.00209   0.00968   0.01639
   0.35842   0.12923   0.13331   0.01401   0.00389   0.00212   0.00940   0.01586
   0.35054   0.12599   0.12642   0.01370   0.00381   0.00213   0.00913   0.01533
   0.59283   0.23394   0.49952   0.02280   0.00045   0.00008   0.01266   0.02621
   0.56116   0.21787   0.42568   0.02132   0.00140   0.00020   0.01225   0.02441
   0.53378   0.20423   0.36834   0.01997   0.00203   0.00019   0.01175   0.02285
   0.50936   0.19285   0.32234   0.01893   0.00240   0.00008   0.01128   0.02131
   0.48773   0.18271   0.28525   0.01791   0.00267   0.00020   0.01084   0.02003
   0.46855   0.17362   0.25484   0.01687   0.00279   0.00043   0.01044   0.01900
   0.45100   0.16560   0.22935   0.01600   0.00287   0.00068   0.01001   0.01802
   0.43488   0.15841   0.20754   0.01523   0.00297   0.00090   0.00962   0.01705
   0.42005   0.15182   0.18902   0.01458   0.00301   0.00105   0.00924   0.01617
   0.40634   0.14585   0.17328   0.01395   0.00298   0.00112   0.00890   0.01544
   0.39372   0.14046   0.15946   0.01326   0.00297   0.00121   0.00857   0.01478
   0.38190   0.13532   0.14744   0.01273   0.00295   0.00130   0.00819   0.01421
   0.37090   0.13063   0.13690   0.01223   0.00295   0.00138   0.00789   0.01359
   0.36063   0.12635   0.12759   0.01175   0.00296   0.00146   0.00766   0.01294
   0.35092   0.12227   0.11926   0.01124   0.00284   0.00145   0.00737   0.01261
   0.34184   0.11852   0.11184   0.01076   0.00279   0.00146   0.00713   0.01222
   0.33329   0.11508   0.10521   0.01033   0.00282   0.00149   0.00693   0.01174
   0.32521   0.11176   0.09922   0.00996   0.00277   0.00149   0.00670   0.01135
   0.31757   0.10860   0.09377   0.00965   0.00267   0.00145   0.00647   0.01101
   0.56767   0.21321   0.41537   0.01721   0.00042   0.00007   0.00954   0.01969
   0.53358   0.19724   0.34866   0.01601   0.00110   0.00010   0.00907   0.01830
   0.50443   0.18379   0.29773   0.01496   0.00149   0.00009   0.00878   0.01691
   0.47902   0.17232   0.25795   0.01395   0.00186   0.00008   0.00841   0.01574
   0.45658   0.16239   0.22597   0.01309   0.00200   0.00010   0.00806   0.01475
   0.43654   0.15377   0.20014   0.01232   0.00207   0.00031   0.00772   0.01388
   0.41845   0.14610   0.17883   0.01157   0.00217   0.00050   0.00736   0.01312
   0.40194   0.13918   0.16097   0.01097   0.00221   0.00069   0.00703   0.01241
   0.38676   0.13302   0.14579   0.01050   0.00221   0.00082   0.00670   0.01174
   0.37291   0.12743   0.13275   0.01000   0.00221   0.00086   0.00643   0.01112
   0.36032   0.12216   0.12158   0.00948   0.00226   0.00095   0.00618   0.01055
   0.34829   0.11746   0.11191   0.00905   0.00221   0.00099   0.00594   0.01008
   0.33730   0.11312   0.10347   0.00862   0.00219   0.00101   0.00573   0.00963
   0.32724   0.10908   0.09606   0.00820   0.00218   0.00102   0.00555   0.00920
   0.31751   0.10533   0.08947   0.00785   0.00209   0.00102   0.00530   0.00891
   0.30851   0.10182   0.08359   0.00750   0.00202   0.00102   0.00510   0.00862
   0.30017   0.09852   0.07829   0.00714   0.00197   0.00102   0.00494   0.00832
   0.29217   0.09546   0.07357   0.00690   0.00195   0.00106   0.00478   0.00804
   0.28456   0.09263   0.06935   0.00674   0.00194   0.00111   0.00462   0.00778
   0.53756   0.19251   0.34356   0.01314   0.00016  -0.00009   0.00690   0.01461
   0.50198   0.17680   0.28444   0.01208   0.00070  -0.00009   0.00663   0.01343
   0.47186   0.16371   0.23969   0.01107   0.00110  -0.00013   0.00636   0.01238
   0.44546   0.15288   0.20566   0.01036   0.00124  -0.00013   0.00605   0.01152
   0.42277   0.14331   0.17868   0.00954   0.00141  -0.00011   0.00577   0.01080
   0.40245   0.13512   0.15703   0.00895   0.00146   0.00009   0.00550   0.01011
   0.38434   0.12788   0.13927   0.00842   0.00149   0.00029   0.00523   0.00943
   0.36789   0.12139   0.12463   0.00790   0.00156   0.00037   0.00499   0.00882
   0.35271   0.11557   0.11227   0.00751   0.00159   0.00045   0.00476   0.00834
   0.33888   0.11030   0.10171   0.00717   0.00156   0.00056   0.00453   0.00797
   0.32661   0.10541   0.09273   0.00660   0.00156   0.00064   0.00435   0.00771
   0.31471   0.10107   0.08496   0.00640   0.00149   0.00064   0.00411   0.00730
   0.30391   0.09702   0.07822   0.00612   0.00148   0.00065   0.00393   0.00694
   0.29408   0.09326   0.07233   0.00578   0.00150   0.00067   0.00380   0.00662
   0.28471   0.08985   0.06702   0.00554   0.00147   0.00070   0.00370   0.00630
   0.27599   0.08670   0.06242   0.00535   0.00145   0.00072   0.00359   0.00600
   0.26778   0.08376   0.05844   0.00521   0.00142   0.00073   0.00344   0.00572
   0.26005   0.08101   0.05481   0.00502   0.00140   0.00072   0.00330   0.00548
   0.25277   0.07845   0.05150   0.00482   0.00137   0.00071   0.00317   0.00527
   0.50388   0.17114   0.28161   0.00931   0.00030   0.00015   0.00527   0.01059
   0.46731   0.15625   0.22981   0.00854   0.00068   0.00013   0.00495   0.00970
   0.43662   0.14387   0.19162   0.00789   0.00087   0.00016   0.00472   0.00889
   0.41032   0.13355   0.16276   0.00712   0.00094   0.00011   0.00443   0.00845
   0.38749   0.12485   0.14030   0.00663   0.00108   0.00013   0.00420   0.00766
   0.36705   0.11718   0.12227   0.00625   0.00115   0.00022   0.00398   0.00724
   0.34910   0.11038   0.10770   0.00578   0.00118   0.00032   0.00379   0.00688
   0.33294   0.10439   0.09568   0.00543   0.00117   0.00040   0.00356   0.00644
   0.31819   0.09907   0.08573   0.00520   0.00113   0.00046   0.00336   0.00604
   0.30484   0.09423   0.07740   0.00491   0.00115   0.00047   0.00324   0.00564
   0.29256   0.08994   0.07016   0.00475   0.00117   0.00052   0.00308   0.00516
   0.28126   0.08590   0.06400   0.00449   0.00114   0.00049   0.00296   0.00499
   0.27087   0.08228   0.05866   0.00428   0.00113   0.00049   0.00282   0.00470
   0.26130   0.07901   0.05401   0.00411   0.00113   0.00051   0.00269   0.00435
   0.25222   0.07587   0.04999   0.00401   0.00110   0.00050   0.00256   0.00421
   0.24386   0.07297   0.04642   0.00386   0.00105   0.00050   0.00244   0.00409
   0.23617   0.07027   0.04323   0.00364   0.00098   0.00051   0.00233   0.00402
   0.22891   0.06780   0.04040   0.00345   0.00094   0.00050   0.00225   0.00388
   0.22208   0.06552   0.03787   0.00328   0.00093   0.00049   0.00218   0.00370
   0.46743   0.15112   0.22941   0.00689   0.00015  -0.00006   0.00365   0.00758
   0.43068   0.13701   0.18489   0.00629   0.00039  -0.00002   0.00345   0.00693
   0.40006   0.12549   0.15252   0.00567   0.00057   0.00001   0.00327   0.00640
   0.37414   0.11588   0.12820   0.00519   0.00067  -0.00001   0.00313   0.00578
   0.35148   0.10780   0.10957   0.00481   0.00073   0.00000   0.00296   0.00536
   0.33163   0.10076   0.09485   0.00449   0.00075   0.00008   0.00278   0.00502
   0.31419   0.09457   0.08299   0.00418   0.00082   0.00014   0.00262   0.00470
   0.29859   0.08910   0.07329   0.00389   0.00085   0.00019   0.00248   0.00438
   0.28445   0.08428   0.06527   0.00367   0.00082   0.00027   0.00235   0.00407
   0.27159   0.08000   0.05858   0.00347   0.00077   0.00033   0.00224   0.00380
   0.25981   0.07602   0.05292   0.00334   0.00074   0.00027   0.00212   0.00357
   0.24894   0.07252   0.04809   0.00326   0.00074   0.00031   0.00198   0.00340
   0.23913   0.06924   0.04394   0.00307   0.00072   0.00032   0.00187   0.00328
   0.23023   0.06617   0.04033   0.00280   0.00068   0.00030   0.00178   0.00319
   0.22179   0.06340   0.03716   0.00270   0.00068   0.00034   0.00169   0.00301
   0.21398   0.06088   0.03440   0.00261   0.00067   0.00035   0.00161   0.00283
   0.20668   0.05857   0.03198   0.00253   0.00066   0.00030   0.00155   0.00262
   0.19986   0.05640   0.02983   0.00246   0.00064   0.00028   0.00148   0.00247
   0.19347   0.05438   0.02791   0.00240   0.00061   0.00028   0.00141   0.00235
   0.42913   0.13158   0.18533   0.00475   0.00010   0.00010   0.00263   0.00540
   0.39289   0.11862   0.14742   0.00419   0.00035   0.00005   0.00250   0.00487
   0.36264   0.10801   0.12025   0.00392   0.00045   0.00002   0.00240   0.00444
   0.33736   0.09934   0.10022   0.00346   0.00048   0.00002   0.00219   0.00416
   0.31554   0.09185   0.08491   0.00326   0.00059   0.00006   0.00206   0.00378
   0.29658   0.08553   0.07288   0.00301   0.00058   0.00008   0.00191   0.00357
   0.27980   0.08004   0.06335   0.00284   0.00058   0.00010   0.00179   0.00330
   0.26482   0.07516   0.05562   0.00276   0.00057   0.00016   0.00166   0.00297
   0.25128   0.07085   0.04929   0.00268   0.00052   0.00018   0.00155   0.00274
   0.23911   0.06701   0.04403   0.00253   0.00052   0.00018   0.00148   0.00255
   0.22825   0.06354   0.03958   0.00229   0.00050   0.00021   0.00146   0.00245
   0.21816   0.06036   0.03582   0.00224   0.00045   0.00021   0.00132   0.00229
   0.20901   0.05747   0.03260   0.00212   0.00045   0.00022   0.00125   0.00215
   0.20068   0.05483   0.02983   0.00196   0.00050   0.00025   0.00124   0.00205
   0.19288   0.05244   0.02741   0.00183   0.00049   0.00023   0.00117   0.00195
   0.18566   0.05024   0.02530   0.00176   0.00047   0.00023   0.00112   0.00184
   0.17891   0.04819   0.02346   0.00177   0.00045   0.00024   0.00108   0.00169
   0.17265   0.04631   0.02182   0.00169   0.00043   0.00023   0.00103   0.00163
   0.16682   0.04457   0.02036   0.00155   0.00041   0.00020   0.00097   0.00161
   0.39000   0.11349   0.14863   0.00320   0.00011   0.00004   0.00186   0.00368
   0.35471   0.10154   0.11669   0.00298   0.00027   0.00003   0.00172   0.00336
   0.32551   0.09213   0.09418   0.00271   0.00028   0.00008   0.00160   0.00315
   0.30121   0.08427   0.07772   0.00243   0.00030   0.00004   0.00145   0.00298
   0.28044   0.07772   0.06535   0.00233   0.00037   0.00000   0.00133   0.00255
   0.26261   0.07203   0.05573   0.00218   0.00036   0.00005   0.00124   0.00231
   0.24665   0.06714   0.04814   0.00210   0.00036   0.00010   0.00117   0.00216
   0.23266   0.06281   0.04203   0.00197   0.00035   0.00011   0.00108   0.00200
   0.22026   0.05898   0.03702   0.00180   0.00035   0.00011   0.00102   0.00186
   0.20906   0.05562   0.03291   0.00166   0.00034   0.00011   0.00095   0.00175
   0.19897   0.05262   0.02947   0.00158   0.00031   0.00013   0.00091   0.00158
   0.18970   0.04982   0.02659   0.00150   0.00031   0.00010   0.00087   0.00143
   0.18111   0.04733   0.02412   0.00148   0.00031   0.00009   0.00082   0.00136
   0.17317   0.04511   0.02198   0.00147   0.00029   0.00010   0.00078   0.00133
   0.16624   0.04303   0.02016   0.00131   0.00028   0.00010   0.00073   0.00125
   0.15980   0.04112   0.01856   0.00116   0.00027   0.00009   0.00069   0.00119
   0.15375   0.03934   0.01715   0.00105   0.00026   0.00010   0.00067   0.00116
   0.14800   0.03771   0.01591   0.00105   0.00025   0.00011   0.00065   0.00109
   0.14259   0.03622   0.01481   0.00113   0.00025   0.00012   0.00063   0.00099
   0.35067   0.09674   0.11784   0.00210   0.00003   0.00003   0.00124   0.00266
   0.31677   0.08600   0.09133   0.00189   0.00020  -0.00002   0.00116   0.00229
   0.28912   0.07753   0.07290   0.00163   0.00024  -0.00001   0.00107   0.00215
   0.26605   0.07052   0.05946   0.00161   0.00027   0.00006   0.00100   0.00188
   0.24656   0.06464   0.04958   0.00148   0.00025   0.00000   0.00091   0.00170
   0.22976   0.05969   0.04195   0.00133   0.00026   0.00002   0.00086   0.00158
   0.21487   0.05541   0.03598   0.00143   0.00027   0.00006   0.00082   0.00143
   0.20206   0.05164   0.03124   0.00128   0.00027   0.00007   0.00078   0.00129
   0.19067   0.04833   0.02738   0.00107   0.00025   0.00005   0.00069   0.00116
   0.18018   0.04540   0.02420   0.00104   0.00026   0.00004   0.00062   0.00110
   0.17094   0.04275   0.02158   0.00099   0.00025   0.00009   0.00062   0.00115
   0.16260   0.04041   0.01939   0.00093   0.00026   0.00007   0.00058   0.00100
   0.15494   0.03828   0.01753   0.00087   0.00025   0.00008   0.00056   0.00091
   0.14789   0.03634   0.01593   0.00083   0.00022   0.00011   0.00055   0.00087
   0.14143   0.03462   0.01455   0.00076   0.00023   0.00010   0.00052   0.00083
   0.13553   0.03303   0.01336   0.00071   0.00024   0.00010   0.00050   0.00078
   0.13011   0.03153   0.01231   0.00069   0.00022   0.00010   0.00049   0.00071
   0.12507   0.03016   0.01140   0.00064   0.00022   0.00011   0.00048   0.00067
   0.12038   0.02889   0.01059   0.00059   0.00022   0.00014   0.00048   0.00067
   0.31178   0.08159   0.09265   0.00138   0.00003  -0.00002   0.00080   0.00178
   0.27963   0.07214   0.07082   0.00135   0.00009  -0.00004   0.00072   0.00164
   0.25388   0.06464   0.05594   0.00128   0.00010  -0.00003   0.00065   0.00129
   0.23278   0.05841   0.04523   0.00102   0.00013  -0.00007   0.00063   0.00123
   0.21460   0.05336   0.03742   0.00100   0.00013  -0.00007   0.00059   0.00111
   0.19920   0.04905   0.03144   0.00092   0.00014  -0.00002   0.00057   0.00104
   0.18573   0.04535   0.02680   0.00091   0.00017   0.00002   0.00053   0.00092
   0.17376   0.04214   0.02314   0.00089   0.00017   0.00001   0.00048   0.00084
   0.16336   0.03930   0.02018   0.00076   0.00014   0.00001   0.00044   0.00079
   0.15407   0.03678   0.01774   0.00070   0.00014   0.00001   0.00041   0.00071
   0.14560   0.03458   0.01577   0.00072   0.00013   0.00000   0.00033   0.00061
   0.13807   0.03259   0.01410   0.00066   0.00015   0.00004   0.00035   0.00060
   0.13120   0.03080   0.01270   0.00062   0.00015   0.00005   0.00035   0.00056
   0.12492   0.02919   0.01151   0.00060   0.00013   0.00003   0.00033   0.00049
   0.11918   0.02770   0.01049   0.00056   0.00013   0.00004   0.00031   0.00050
   0.11397   0.02633   0.00961   0.00052   0.00014   0.00005   0.00030   0.00050
   0.10921   0.02508   0.00884   0.00046   0.00015   0.00006   0.00029   0.00049
   0.10479   0.02393   0.00817   0.00040   0.00015   0.00008   0.00028   0.00049
   0.10069   0.02289   0.00757   0.00035   0.00014   0.00009   0.00027   0.00049
   0.27403   0.06783   0.07197   0.00094   0.00000   0.00000   0.00049   0.00113
   0.24431   0.05954   0.05433   0.00083   0.00001  -0.00006   0.00045   0.00104
   0.22030   0.05306   0.04242   0.00087   0.00007   0.00001   0.00044   0.00092
   0.20093   0.04776   0.03399   0.00076   0.00006   0.00000   0.00040   0.00079
   0.18429   0.04340   0.02789   0.00074   0.00006  -0.00005   0.00036   0.00067
   0.17022   0.03979   0.02328   0.00075   0.00008  -0.00004   0.00032   0.00058
   0.15809   0.03666   0.01971   0.00074   0.00007  -0.00001   0.00030   0.00050
   0.14762   0.03391   0.01691   0.00062   0.00008  -0.00001   0.00027   0.00046
   0.13828   0.03152   0.01467   0.00055   0.00010  -0.00001   0.00028   0.00044
   0.13000   0.02940   0.01287   0.00050   0.00012   0.00001   0.00029   0.00042
   0.12249   0.02755   0.01139   0.00051   0.00010   0.00001   0.00024   0.00037
   0.11589   0.02589   0.01014   0.00042   0.00011   0.00001   0.00023   0.00035
   0.10986   0.02440   0.00910   0.00038   0.00010   0.00002   0.00022   0.00033
   0.10434   0.02306   0.00822   0.00037   0.00009   0.00003   0.00020   0.00033
   0.09940   0.02182   0.00747   0.00030   0.00008   0.00005   0.00021   0.00034
   0.09485   0.02070   0.00682   0.00026   0.00009   0.00007   0.00021   0.00034
   0.09060   0.01970   0.00626   0.00025   0.00011   0.00006   0.00021   0.00032
   0.08668   0.01877   0.00577   0.00024   0.00011   0.00005   0.00019   0.00030
   0.08305   0.01791   0.00533   0.00023   0.00010   0.00004   0.00016   0.00028
   0.23821   0.05558   0.05514   0.00045  -0.00005  -0.00009   0.00024   0.00081
   0.21065   0.04853   0.04109   0.00064  -0.00001  -0.00005   0.00029   0.00071
   0.18877   0.04298   0.03169   0.00063   0.00003  -0.00005   0.00027   0.00049
   0.17121   0.03848   0.02515   0.00053   0.00002  -0.00006   0.00022   0.00040
   0.15646   0.03481   0.02042   0.00050   0.00004  -0.00006   0.00022   0.00038
   0.14398   0.03172   0.01692   0.00041   0.00006  -0.00003   0.00020   0.00039
   0.13318   0.02910   0.01425   0.00037   0.00008  -0.00001   0.00021   0.00036
   0.12387   0.02685   0.01216   0.00032   0.00009   0.00000   0.00020   0.00031
   0.11570   0.02487   0.01049   0.00027   0.00009   0.00001   0.00019   0.00028
   0.10834   0.02311   0.00915   0.00025   0.00007   0.00000   0.00018   0.00025
   0.10174   0.02159   0.00805   0.00027   0.00006   0.00001   0.00017   0.00024
   0.09589   0.02021   0.00715   0.00024   0.00007   0.00003   0.00017   0.00025
   0.09064   0.01899   0.00640   0.00021   0.00009   0.00004   0.00016   0.00024
   0.08590   0.01791   0.00576   0.00019   0.00010   0.00003   0.00016   0.00021
   0.08153   0.01692   0.00522   0.00016   0.00009   0.00003   0.00014   0.00023
   0.07755   0.01602   0.00476   0.00014   0.00008   0.00003   0.00013   0.00023
   0.07391   0.01519   0.00435   0.00014   0.00007   0.00003   0.00013   0.00020
   0.07055   0.01443   0.00400   0.00014   0.00007   0.00003   0.00013   0.00018
   0.06744   0.01374   0.00369   0.00014   0.00007   0.00003   0.00012   0.00017
   0.20410   0.04487   0.04164   0.00022  -0.00001  -0.00006   0.00019   0.00051
   0.17917   0.03887   0.03055   0.00036   0.00001  -0.00005   0.00013   0.00041
   0.15986   0.03423   0.02330   0.00032   0.00003  -0.00004   0.00015   0.00027
   0.14406   0.03047   0.01830   0.00027   0.00003  -0.00006   0.00014   0.00024
   0.13094   0.02743   0.01473   0.00028   0.00005  -0.00002   0.00015   0.00025
   0.12002   0.02486   0.01212   0.00019   0.00006  -0.00002   0.00014   0.00022
   0.11055   0.02271   0.01014   0.00020   0.00005  -0.00002   0.00014   0.00018
   0.10224   0.02087   0.00859   0.00021   0.00006   0.00000   0.00013   0.00016
   0.09504   0.01926   0.00738   0.00019   0.00006   0.00000   0.00012   0.00015
   0.08876   0.01786   0.00641   0.00015   0.00004   0.00000   0.00011   0.00013
   0.08320   0.01662   0.00562   0.00011   0.00005   0.00004   0.00012   0.00017
   0.07822   0.01552   0.00497   0.00008   0.00006   0.00003   0.00012   0.00014
   0.07369   0.01454   0.00443   0.00007   0.00007   0.00003   0.00011   0.00013
   0.06956   0.01365   0.00398   0.00008   0.00007   0.00004   0.00011   0.00015
   0.06584   0.01286   0.00359   0.00009   0.00006   0.00003   0.00010   0.00014
   0.06246   0.01215   0.00326   0.00009   0.00006   0.00003   0.00009   0.00012
   0.05937   0.01150   0.00298   0.00010   0.00007   0.00004   0.00009   0.00010
   0.05656   0.01091   0.00274   0.00008   0.00006   0.00003   0.00008   0.00008
   0.05399   0.01036   0.00252   0.00006   0.00005   0.00002   0.00007   0.00007
   0.17243   0.03586   0.03108   0.00036  -0.00006  -0.00010   0.00006   0.00020
   0.15055   0.03081   0.02247   0.00027  -0.00006  -0.00010   0.00006   0.00024
   0.13329   0.02693   0.01695   0.00032  -0.00002  -0.00007   0.00006   0.00020
   0.11960   0.02386   0.01319   0.00021   0.00000  -0.00005   0.00008   0.00018
   0.10826   0.02138   0.01055   0.00017   0.00002  -0.00004   0.00008   0.00018
   0.09872   0.01929   0.00862   0.00012   0.00002  -0.00004   0.00008   0.00015
   0.09063   0.01755   0.00716   0.00007   0.00003  -0.00003   0.00006   0.00013
   0.08356   0.01606   0.00604   0.00010   0.00004  -0.00001   0.00007   0.00011
   0.07739   0.01477   0.00517   0.00012   0.00004   0.00000   0.00007   0.00010
   0.07197   0.01365   0.00447   0.00012   0.00004   0.00000   0.00005   0.00008
   0.06723   0.01267   0.00390   0.00010   0.00004   0.00000   0.00006   0.00007
   0.06299   0.01179   0.00344   0.00008   0.00003   0.00001   0.00006   0.00007
   0.05917   0.01102   0.00306   0.00008   0.00003   0.00001   0.00006   0.00007
   0.05571   0.01033   0.00274   0.00009   0.00003   0.00000   0.00006   0.00008
   0.05262   0.00971   0.00247   0.00007   0.00003   0.00001   0.00005   0.00008
   0.04982   0.00914   0.00224   0.00006   0.00003   0.00002   0.00005   0.00008
   0.04726   0.00863   0.00204   0.00005   0.00004   0.00002   0.00005   0.00008
   0.04491   0.00816   0.00187   0.00005   0.00003   0.00001   0.00005   0.00007
   0.04275   0.00775   0.00172   0.00005   0.00002   0.00001   0.00004   0.00006
   0.14323   0.02791   0.02263   0.00021  -0.00001  -0.00003   0.00004   0.00016
   0.12432   0.02386   0.01621   0.00014  -0.00002  -0.00001   0.00005   0.00017
   0.10958   0.02075   0.01211   0.00012   0.00002   0.00000   0.00006   0.00013
   0.09764   0.01831   0.00935   0.00015  -0.00001  -0.00003   0.00004   0.00008
   0.08793   0.01633   0.00742   0.00014   0.00000  -0.00001   0.00004   0.00007
   0.07987   0.01469   0.00602   0.00012  -0.00001   0.00000   0.00004   0.00007
   0.07293   0.01331   0.00497   0.00013   0.00000   0.00000   0.00004   0.00007
   0.06702   0.01214   0.00418   0.00010   0.00000  -0.00001   0.00004   0.00007
   0.06192   0.01114   0.00355   0.00007   0.00000  -0.00002   0.00003   0.00006
   0.05741   0.01026   0.00306   0.00009   0.00000  -0.00001   0.00003   0.00005
   0.05345   0.00949   0.00267   0.00006   0.00000   0.00000   0.00002   0.00008
   0.04996   0.00881   0.00234   0.00003   0.00000   0.00000   0.00002   0.00007
   0.04680   0.00821   0.00207   0.00003   0.00000   0.00000   0.00001   0.00006
   0.04393   0.00768   0.00185   0.00006   0.00000  -0.00001   0.00001   0.00005
   0.04139   0.00720   0.00166   0.00004   0.00000   0.00000   0.00002   0.00006
   0.03908   0.00677   0.00150   0.00004   0.00001   0.00000   0.00002   0.00006
   0.03696   0.00638   0.00137   0.00006   0.00001   0.00000   0.00002   0.00004
   0.03504   0.00603   0.00125   0.00006   0.00001   0.00000   0.00001   0.00003
   0.03329   0.00570   0.00115   0.00006   0.00000   0.00000   0.00001   0.00004
   0.09393   0.01597   0.01130   0.00005  -0.00002  -0.00002   0.00000   0.00005
   0.08034   0.01343   0.00786   0.00002  -0.00001  -0.00001   0.00001   0.00003
   0.06980   0.01154   0.00572   0.00003   0.00000  -0.00002   0.00000   0.00001
   0.06138   0.01005   0.00432   0.00008   0.00002   0.00000   0.00002   0.00002
   0.05467   0.00886   0.00337   0.00005   0.00001   0.00000   0.00002   0.00003
   0.04918   0.00789   0.00269   0.00003   0.00001   0.00000   0.00002   0.00002
   0.04455   0.00709   0.00219   0.00003   0.00001   0.00001   0.00002   0.00001
   0.04055   0.00641   0.00182   0.00004   0.00001   0.00000   0.00001   0.00001
   0.03711   0.00582   0.00153   0.00003   0.00000   0.00000   0.00001   0.00002
   0.03416   0.00532   0.00131   0.00002   0.00001   0.00001   0.00001   0.00003
   0.03157   0.00489   0.00113   0.00003   0.00001   0.00001   0.00001   0.00002
   0.02928   0.00451   0.00098   0.00003   0.00001   0.00001   0.00001   0.00002
   0.02726   0.00418   0.00087   0.00002   0.00001   0.00001   0.00001   0.00002
   0.02546   0.00388   0.00077   0.00002   0.00001   0.00000   0.00001   0.00002
   0.02386   0.00362   0.00069   0.00000   0.00000   0.00000   0.00001   0.00001
   0.02240   0.00338   0.00062   0.00000   0.00000   0.00000   0.00001   0.00001
   0.02106   0.00317   0.00056   0.00002   0.00001   0.00000   0.00001   0.00001
   0.01987   0.00298   0.00051   0.00001   0.00001   0.00000   0.00000   0.00001
   0.01881   0.00280   0.00046  -0.00001   0.00000   0.00000   0.00000   0.00002
   0.05668   0.00830   0.00510   0.00003  -0.00002  -0.00001  -0.00001  -0.00001
   0.04758   0.00687   0.00344   0.00002  -0.00001  -0.00002  -0.00001   0.00000
   0.04073   0.00581   0.00244   0.00002  -0.00001  -0.00002  -0.00001   0.00001
   0.03545   0.00500   0.00180   0.00002   0.00000   0.00000   0.00000   0.00001
   0.03120   0.00435   0.00138   0.00000   0.00000  -0.00001   0.00000   0.00002
   0.02773   0.00384   0.00108   0.00001   0.00000   0.00000   0.00000   0.00001
   0.02485   0.00341   0.00087   0.00000   0.00001   0.00000   0.00000   0.00001
   0.02242   0.00306   0.00071   0.00000   0.00001   0.00000   0.00001   0.00001
   0.02035   0.00276   0.00059   0.00001   0.00001   0.00000   0.00001   0.00000
   0.01858   0.00250   0.00050   0.00000   0.00000   0.00000   0.00000   0.00001
   0.01704   0.00228   0.00043   0.00000   0.00000   0.00000   0.00000   0.00000
   0.01568   0.00208   0.00037   0.00001   0.00000   0.00000   0.00000   0.00000
   0.01449   0.00192   0.00033   0.00001   0.00000   0.00000   0.00000   0.00000
   0.01344   0.00177   0.00029   0.00000   0.00000   0.00000   0.00000   0.00000
   0.01252   0.00164   0.00026   0.00000   0.00000   0.00000   0.00000   0.00000
   0.01169   0.00152   0.00023   0.00000   0.00000   0.00000   0.00000   0.00000
   0.01093   0.00142   0.00021   0.00000   0.00000   0.00000   0.00000   0.00000
   0.01025   0.00133   0.00019   0.00000   0.00000   0.00000   0.00000   0.00000
   0.00964   0.00124   0.00017   0.00000   0.00000   0.00000   0.00000   0.00000
   0.03031   0.00375   0.00199   0.00002  -0.00001  -0.00001  -0.00001   0.00000
   0.02501   0.00305   0.00129   0.00001   0.00000   0.00000   0.00000   0.00000
   0.02111   0.00254   0.00089   0.00000   0.00000   0.00000   0.00000   0.00000
   0.01810   0.00215   0.00064   0.00000   0.00000   0.00000   0.00000   0.00000
   0.01572   0.00185   0.00048  -0.00001   0.00000   0.00000   0.00000   0.00000
   0.01380   0.00161   0.00037   0.00000   0.00000   0.00000   0.00000   0.00001
   0.01222   0.00142   0.00030   0.00001   0.00000   0.00000   0.00000   0.00000
   0.01092   0.00126   0.00024   0.00001   0.00000   0.00000   0.00000   0.00000
   0.00982   0.00112   0.00020   0.00000   0.00000   0.00000   0.00000   0.00000
   0.00888   0.00101   0.00017   0.00001   0.00000   0.00000   0.00000   0.00000
   0.00807   0.00091   0.00014   0.00001   0.00000   0.00000   0.00000   0.00000
   0.00738   0.00083   0.00012   0.00000   0.00000   0.00000   0.00000   0.00000
   0.00677   0.00076   0.00011   0.00000   0.00000   0.00000   0.00000   0.00000
   0.00623   0.00069   0.00009   0.00000   0.00000   0.00000   0.00000   0.00000
   0.00576   0.00064   0.00008   0.00000   0.00000   0.00000   0.00000   0.00000
   0.00535   0.00059   0.00007   0.00000   0.00000   0.00000   0.00000   0.00000
   0.00497   0.00055   0.00007   0.00000   0.00000   0.00000   0.00000   0.00000
   0.00463   0.00051   0.00006   0.00000   0.00000   0.00000   0.00000   0.00000
   0.00433   0.00047   0.00005   0.00000   0.00000   0.00000   0.00000   0.00000
   0.01382   0.00139   0.00063  -0.00001   0.00000   0.00000   0.00000   0.00000
   0.01114   0.00111   0.00039   0.00000   0.00000   0.00000   0.00000   0.00000
   0.00920   0.00091   0.00026   0.00000   0.00000   0.00000   0.00000   0.00000
   0.00775   0.00076   0.00018   0.00000   0.00000   0.00000   0.00000   0.00000
   0.00663   0.00064   0.00014   0.00000   0.00000   0.00000   0.00000   0.00000
   0.00574   0.00055   0.00010   0.00000   0.00000   0.00000   0.00000   0.00000
   0.00502   0.00048   0.00008   0.00000   0.00000   0.00000   0.00000   0.00000
   0.00443   0.00042   0.00006   0.00000   0.00000   0.00000   0.00000   0.00000
   0.00394   0.00037   0.00005   0.00000   0.00000   0.00000   0.00000   0.00000
   0.00352   0.00033   0.00004   0.00000   0.00000   0.00000   0.00000   0.00000
   0.00317   0.00029   0.00004   0.00000   0.00000   0.00000   0.00000   0.00000
   0.00287   0.00026   0.00003   0.00000   0.00000   0.00000   0.00000   0.00000
   0.00261   0.00024   0.00003   0.00000   0.00000   0.00000   0.00000   0.00000
   0.00238   0.00022   0.00002   0.00000   0.00000   0.00000   0.00000   0.00000
   0.00218   0.00020   0.00002   0.00000   0.00000   0.00000   0.00000   0.00000
   0.00201   0.00018   0.00002   0.00000   0.00000   0.00000   0.00000   0.00000
   0.00185   0.00017   0.00002   0.00000   0.00000   0.00000   0.00000   0.00000
   0.00171   0.00015   0.00002   0.00000   0.00000   0.00000   0.00000   0.00000
   0.00159   0.00014   0.00001   0.00000   0.00000   0.00000   0.00000   0.00000
   0.00106   0.00006   0.00002   0.00000   0.00000   0.00000   0.00000   0.00000
   0.00081   0.00004   0.00001   0.00000   0.00000   0.00000   0.00000   0.00000
   0.00063   0.00003   0.00001   0.00000   0.00000   0.00000   0.00000   0.00000
   0.00051   0.00003   0.00001   0.00000   0.00000   0.00000   0.00000   0.00000
   0.00042   0.00002   0.00000   0.00000   0.00000   0.00000   0.00000   0.00000
   0.00035   0.00002   0.00000   0.00000   0.00000   0.00000   0.00000   0.00000
   0.00029   0.00002   0.00000   0.00000   0.00000   0.00000   0.00000   0.00000
   0.00025   0.00001   0.00000   0.00000   0.00000   0.00000   0.00000   0.00000
   0.00022   0.00001   0.00000   0.00000   0.00000   0.00000   0.00000   0.00000
   0.00019   0.00001   0.00000   0.00000   0.00000   0.00000   0.00000   0.00000
   0.00016   0.00001   0.00000   0.00000   0.00000   0.00000   0.00000   0.00000
   0.00014   0.00001   0.00000   0.00000   0.00000   0.00000   0.00000   0.00000
   0.00013   0.00001   0.00000   0.00000   0.00000   0.00000   0.00000   0.00000
   0.00011   0.00001   0.00000   0.00000   0.00000   0.00000   0.00000   0.00000
   0.00010   0.00001   0.00000   0.00000   0.00000   0.00000   0.00000   0.00000
   0.00009   0.00001   0.00000   0.00000   0.00000   0.00000   0.00000   0.00000
   0.00008   0.00001   0.00000   0.00000   0.00000   0.00000   0.00000   0.00000
   0.00007   0.00001   0.00000   0.00000   0.00000   0.00000   0.00000   0.00000
   0.00007   0.00001   0.00000   0.00000   0.00000   0.00000   0.00000   0.00000
