   0.01356   0.00052   4.15791   0.41745   0.04254   0.00000   0.23182   0.41888
   0.01391   0.00064  10.52604   0.58403   0.20909   0.00000   0.39848   0.58527
   0.01424   0.00075  18.94614   0.80300   0.42803   0.00000   0.61752   0.80407
   0.01455   0.00086  29.13998   1.06988   0.69490   0.00000   0.88449   1.07082
   0.01484   0.00096  40.92299   1.38091   1.00591   0.05155   1.19560   1.38173
   0.01512   0.00106  54.18365   1.73378   1.35877   0.33603   1.54856   1.73449
   0.01539   0.00116  68.77280   2.12661   1.75160   0.75030   1.94147   2.12723
   0.01565   0.00126  84.55649   2.55692   2.18191   1.18798   2.37186   2.55745
   0.01590   0.00136 101.40771   3.02191   2.64691   1.66207   2.83694   3.02237
   0.01614   0.00145 119.23399   3.51957   3.14458   2.16772   3.33468   3.51996
   0.01637   0.00155 137.94803   4.04788   3.67290   2.70362   3.86307   4.04821
   0.01660   0.00164 157.15669   4.59840   4.22344   3.26127   4.41368   4.59868
   0.01683   0.00173 177.11443   5.17588   4.80094   3.84547   4.99124   5.17611
   0.01704   0.00182 197.81166   5.78017   5.40524   4.45612   5.59561   5.78035
   0.01726   0.00191 218.69606   6.39868   6.02378   5.08067   6.21421   6.39883
   0.01746   0.00199 240.18811   7.04057   6.66569   5.72830   6.85617   7.04068
   0.01767   0.00208 262.04004   7.70017   7.32531   6.39337   7.51585   7.70024
   0.01787   0.00216 284.11426   8.37366   7.99884   7.07210   8.18942   8.37373
   0.01806   0.00225 306.63867   9.06646   8.69166   7.76990   8.88229   9.06650
   0.01706   0.00089   4.03087   0.41159   0.03898   0.00000   0.22637   0.41225
   0.01756   0.00107   9.58692   0.56018   0.18775   0.00000   0.37511   0.56070
   0.01803   0.00124  16.63766   0.74950   0.37724   0.00000   0.56457   0.74990
   0.01847   0.00141  24.91933   0.97451   0.60241   0.00000   0.78972   0.97482
   0.01887   0.00158  34.26222   1.23131   0.85936   0.04234   1.04665   1.23153
   0.01926   0.00173  44.56371   1.51750   1.14569   0.27319   1.33297   1.51764
   0.01963   0.00189  55.69725   1.83117   1.45950   0.60530   1.64676   1.83124
   0.01999   0.00204  67.55377   2.17005   1.79851   0.95099   1.98576   2.17005
   0.02033   0.00218  80.03427   2.53174   2.16033   1.32085   2.34756   2.53169
   0.02066   0.00233  93.06857   2.91449   2.54321   1.71083   2.73043   2.91438
   0.02098   0.00247 106.59218   3.31667   2.94552   2.11987   3.13272   3.31652
   0.02129   0.00261 120.31766   3.73180   3.36078   2.54144   3.54796   3.73162
   0.02159   0.00274 134.43773   4.16348   3.79257   2.97919   3.97975   4.16326
   0.02188   0.00287 148.94786   4.61153   4.24075   3.43299   4.42791   4.61127
   0.02217   0.00300 163.45279   5.06659   4.69593   3.89352   4.88307   5.06631
   0.02245   0.00313 178.26062   5.53551   5.16497   4.36763   5.35210   5.53521
   0.02272   0.00326 193.19839   6.01412   5.64369   4.85119   5.83080   6.01379
   0.02298   0.00338 208.17317   6.49967   6.12935   5.34148   6.31645   6.49933
   0.02324   0.00351 223.35042   6.99617   6.62597   5.84251   6.81305   6.99581
   0.02138   0.00151   3.90744   0.40536   0.03549   0.00000   0.22096   0.40555
   0.02209   0.00180   8.73014   0.53700   0.16756   0.00000   0.35285   0.53711
   0.02274   0.00207  14.60691   0.69960   0.33054   0.00000   0.51567   0.69964
   0.02334   0.00233  21.30354   0.88810   0.51938   0.00000   0.70437   0.88807
   0.02390   0.00258  28.67549   1.09881   0.73042   0.03457   0.91527   1.09873
   0.02443   0.00283  36.63736   1.32950   0.96143   0.22090   1.14615   1.32938
   0.02494   0.00306  45.08853   1.57846   1.21068   0.48575   1.39529   1.57830
   0.02542   0.00329  53.94554   1.84377   1.47627   0.75737   1.66076   1.84357
   0.02589   0.00351  63.13535   2.12345   1.75623   1.04443   1.94061   2.12322
   0.02633   0.00373  72.60841   2.41611   2.04915   1.34364   2.23343   2.41586
   0.02676   0.00394  82.32031   2.72049   2.35378   1.65423   2.53796   2.72021
   0.02718   0.00414  92.06381   3.03169   2.66523   1.97129   2.84931   3.03139
   0.02758   0.00434 101.98711   3.35247   2.98625   2.29758   3.17024   3.35215
   0.02797   0.00454 112.08969   3.68272   3.31674   2.63305   3.50063   3.68238
   0.02835   0.00474 122.09135   4.01554   3.64977   2.97082   3.83358   4.01518
   0.02872   0.00493 132.21936   4.35604   3.99050   3.31605   4.17422   4.35567
   0.02907   0.00511 142.35371   4.70122   4.33589   3.66572   4.51952   4.70084
   0.02942   0.00529 152.43324   5.04912   4.68401   4.01794   4.86756   5.04874
   0.02976   0.00547 162.57909   5.40274   5.03783   4.37567   5.22130   5.40234
   0.02435   0.00206   3.83677   0.40150   0.03349   0.00000   0.21780   0.40155
   0.02520   0.00244   8.26379   0.52370   0.15625   0.00000   0.34029   0.52369
   0.02598   0.00279  13.53319   0.67191   0.30499   0.00000   0.48879   0.67186
   0.02670   0.00313  19.43192   0.84126   0.47481   0.00000   0.65839   0.84118
   0.02738   0.00345  25.83235   1.02831   0.66230   0.03062   0.84568   1.02819
   0.02801   0.00376  32.66095   1.23100   0.86541   0.19452   1.04860   1.23086
   0.02861   0.00406  39.83208   1.44778   1.08259   0.42587   1.26560   1.44762
   0.02919   0.00435  47.27646   1.67695   1.31214   0.66110   1.49497   1.67677
   0.02974   0.00463  54.93477   1.91680   1.55235   0.90791   1.73502   1.91660
   0.03027   0.00491  62.76787   2.16614   1.80204   1.16346   1.98455   2.16593
   0.03078   0.00517  70.74162   2.42390   2.06013   1.42710   2.24250   2.42368
   0.03127   0.00543  78.68599   2.68598   2.32254   1.69472   2.50476   2.68575
   0.03175   0.00569  86.72836   2.95474   2.59162   1.96871   2.77369   2.95450
   0.03221   0.00594  94.87099   3.23011   2.86729   2.24902   3.04923   3.22986
   0.03265   0.00618 102.88527   3.50635   3.14382   2.52996   3.32563   3.50609
   0.03309   0.00642 110.96133   3.78778   3.42554   2.81586   3.60722   3.78752
   0.03351   0.00665 119.00316   4.07193   3.70997   3.10428   3.89152   4.07166
   0.03392   0.00688 126.96399   4.35723   3.99554   3.39366   4.17697   4.35695
   0.03432   0.00710 134.94395   4.64618   4.28476   3.68653   4.46607   4.64591
   0.02668   0.00257   3.78724   0.39865   0.03208   0.00000   0.21554   0.39865
   0.02764   0.00302   7.94733   0.51434   0.14845   0.00000   0.33158   0.51430
   0.02853   0.00345  12.81777   0.65287   0.28761   0.00000   0.47044   0.65281
   0.02935   0.00385  18.20132   0.80954   0.44486   0.00000   0.62741   0.80947
   0.03011   0.00424  23.98286   0.98113   0.61698   0.02805   0.79928   0.98105
   0.03083   0.00460  30.09732   1.16572   0.80207   0.17747   0.98414   1.16563
   0.03151   0.00496  36.46944   1.36190   0.99871   0.38736   1.18056   1.36179
   0.03216   0.00530  43.03941   1.56811   1.20537   0.59946   1.38700   1.56799
   0.03278   0.00564  49.75676   1.78283   1.42052   0.82087   1.60195   1.78270
   0.03337   0.00596  56.58920   2.00500   1.64311   1.04902   1.82434   2.00487
   0.03395   0.00628  63.50867   2.23371   1.87221   1.28340   2.05326   2.23357
   0.03450   0.00658  70.36818   2.46532   2.10421   1.52034   2.28507   2.46519
   0.03504   0.00688  77.28235   2.70196   2.34122   1.76202   2.52191   2.70183
   0.03555   0.00718  84.25479   2.94360   2.58322   2.00843   2.76374   2.94346
   0.03606   0.00746  91.08830   3.18521   2.82518   2.25457   3.00553   3.18507
   0.03654   0.00774  97.95039   3.43063   3.07093   2.50430   3.25112   3.43049
   0.03702   0.00801 104.75943   3.67770   3.31833   2.75548   3.49837   3.67756
   0.03748   0.00828 111.47672   3.92509   3.56604   3.00681   3.74592   3.92495
   0.03792   0.00854 118.19017   4.17501   3.81627   3.26050   3.99601   4.17487
   0.02861   0.00305   3.74915   0.39637   0.03100   0.00000   0.21378   0.39635
   0.02968   0.00357   7.70968   0.50711   0.14253   0.00000   0.32493   0.50708
   0.03065   0.00406  12.28766   0.63842   0.27454   0.00000   0.45660   0.63838
   0.03155   0.00453  17.29839   0.78575   0.42252   0.00000   0.60427   0.78571
   0.03239   0.00497  22.63643   0.94606   0.58343   0.02618   0.76489   0.94602
   0.03318   0.00539  28.24333   1.11755   0.75549   0.16513   0.93667   1.11751
   0.03393   0.00579  34.05156   1.29890   0.93738   0.35958   1.11829   1.29885
   0.03464   0.00619  40.00826   1.48870   1.12768   0.55514   1.30835   1.48865
   0.03532   0.00657  46.06912   1.68554   1.32501   0.75847   1.50545   1.68550
   0.03597   0.00694  52.20699   1.88849   1.52842   0.96724   1.70863   1.88844
   0.03660   0.00730  58.39812   2.09670   1.73708   1.18096   1.91708   2.09666
   0.03721   0.00764  64.51125   2.30691   1.94773   1.39636   2.12751   2.30688
   0.03780   0.00798  70.65230   2.52108   2.16232   1.61543   2.34190   2.52105
   0.03836   0.00831  76.82571   2.73920   2.38083   1.83818   2.56022   2.73917
   0.03891   0.00863  82.85573   2.95671   2.59874   2.06010   2.77794   2.95668
   0.03944   0.00895  88.89453   3.17715   2.81955   2.28473   2.99856   3.17712
   0.03996   0.00925  94.86998   3.39857   3.04134   2.51016   3.22018   3.39855
   0.04046   0.00955 100.74866   3.61980   3.26293   2.73522   3.44159   3.61979
   0.04095   0.00985 106.61058   3.84286   3.48634   2.96195   3.66483   3.84284
   0.03543   0.00518   3.63224   0.38877   0.02769   0.00000   0.20821   0.38881
   0.03686   0.00599   7.01147   0.48477   0.12479   0.00000   0.30476   0.48484
   0.03816   0.00675  10.76682   0.59512   0.23614   0.00000   0.41562   0.59522
   0.03937   0.00746  14.75243   0.71597   0.35791   0.00000   0.53694   0.71611
   0.04048   0.00813  18.89207   0.84484   0.48762   0.02100   0.66624   0.84500
   0.04153   0.00877  23.14717   0.98032   0.62389   0.13124   0.80211   0.98050
   0.04253   0.00938  27.47209   1.12142   0.76574   0.28372   0.94359   1.12162
   0.04347   0.00997  31.83289   1.26708   0.91211   0.43481   1.08961   1.26730
   0.04438   0.01054  36.20238   1.41630   1.06201   0.58997   1.23917   1.41654
   0.04524   0.01108  40.56593   1.56842   1.21477   0.74745   1.39161   1.56867
   0.04607   0.01161  44.91116   1.72287   1.36984   0.90698   1.54637   1.72314
   0.04687   0.01212  49.14764   1.87730   1.52488   1.06620   1.70110   1.87759
   0.04765   0.01262  53.35750   2.03323   1.68139   1.22666   1.85732   2.03354
   0.04839   0.01310  57.54732   2.19073   1.83944   1.38843   2.01509   2.19105
   0.04912   0.01357  61.59552   2.34652   1.99577   1.54830   2.17115   2.34686
   0.04981   0.01403  65.61420   2.50325   2.15301   1.70891   2.32814   2.50359
   0.05049   0.01447  69.55527   2.65957   2.30984   1.86893   2.48471   2.65993
   0.05115   0.01490  73.39827   2.81469   2.46546   2.02761   2.64008   2.81507
   0.05179   0.01533  77.20175   2.97013   2.62137   2.18644   2.79575   2.97051
   0.04367   0.00879   3.51643   0.38016   0.02446   0.00000   0.20229   0.38027
   0.04556   0.01004   6.36604   0.46226   0.10804   0.00000   0.28514   0.46242
   0.04729   0.01120   9.41122   0.55376   0.20088   0.00000   0.37732   0.55396
   0.04888   0.01228  12.54292   0.65157   0.29992   0.00000   0.47576   0.65182
   0.05036   0.01329  15.71163   0.75379   0.40328   0.01666   0.57856   0.75408
   0.05174   0.01424  18.89641   0.85941   0.50995   0.10318   0.68470   0.85972
   0.05306   0.01515  22.06985   0.96772   0.61926   0.22145   0.79352   0.96806
   0.05431   0.01602  25.21317   1.07801   0.73050   0.33690   0.90428   1.07838
   0.05550   0.01685  28.31235   1.18958   0.84298   0.45398   1.01631   1.18997
   0.05664   0.01765  31.36208   1.30202   0.95628   0.57143   1.12918   1.30243
   0.05773   0.01843  34.35812   1.41498   1.07006   0.68913   1.24255   1.41541
   0.05879   0.01917  37.23959   1.52680   1.18269   0.80542   1.35478   1.52726
   0.05980   0.01989  40.07008   1.63869   1.29533   0.92153   1.46704   1.63916
   0.06078   0.02059  42.85756   1.75073   1.40811   1.03758   1.57945   1.75122
   0.06173   0.02126  45.51903   1.86063   1.51873   1.15130   1.68971   1.86114
   0.06264   0.02191  48.13640   1.97036   1.62914   1.26466   1.79978   1.97088
   0.06353   0.02255  50.67865   2.07901   1.73846   1.37678   1.90876   2.07955
   0.06440   0.02316  53.13387   2.18606   1.84616   1.48715   2.01613   2.18661
   0.06523   0.02376  55.54443   2.29264   1.95337   1.59693   2.12303   2.29321
   0.04932   0.01196   3.44833   0.37442   0.02261   0.00000   0.19851   0.37450
   0.05155   0.01357   6.00821   0.44876   0.09869   0.00000   0.27375   0.44889
   0.05359   0.01504   8.68118   0.53013   0.18163   0.00000   0.35591   0.53029
   0.05546   0.01641  11.37840   0.61587   0.26881   0.00000   0.44239   0.61606
   0.05720   0.01768  14.06437   0.70441   0.35869   0.01446   0.53161   0.70464
   0.05883   0.01887  16.72710   0.79496   0.45048   0.08905   0.62278   0.79521
   0.06038   0.02001  19.34813   0.88697   0.54366   0.19032   0.71538   0.88725
   0.06184   0.02110  21.91597   0.97988   0.63769   0.28828   0.80886   0.98018
   0.06324   0.02213  24.42255   1.07318   0.73204   0.38688   0.90268   1.07349
   0.06458   0.02313  26.86662   1.16654   0.82641   0.48509   0.99655   1.16687
   0.06587   0.02408  29.24745   1.25974   0.92058   0.58288   1.09024   1.26010
   0.06711   0.02500  31.51755   1.35145   1.01322   0.67891   1.18242   1.35182
   0.06830   0.02588  33.73155   1.44270   1.10536   0.77425   1.27411   1.44308
   0.06944   0.02674  35.89746   1.53360   1.19712   0.86903   1.36545   1.53400
   0.07055   0.02756  37.94968   1.62231   1.28666   0.96144   1.45457   1.62272
   0.07163   0.02836  39.95625   1.71047   1.37562   1.05312   1.54313   1.71089
   0.07267   0.02913  41.89313   1.79737   1.46330   1.14339   1.63042   1.79780
   0.07368   0.02988  43.75214   1.88261   1.54930   1.23186   1.71604   1.88306
   0.07466   0.03061  45.56824   1.96716   1.63458   1.31951   1.80095   1.96762
   0.05384   0.01488   3.39938   0.36989   0.02131   0.00000   0.19561   0.36991
   0.05635   0.01678   5.76108   0.43889   0.09227   0.00000   0.26561   0.43894
   0.05864   0.01852   8.18620   0.51343   0.16857   0.00000   0.34104   0.51350
   0.06074   0.02013  10.59956   0.59118   0.24792   0.00000   0.41961   0.59127
   0.06270   0.02162  12.97484   0.67077   0.32901   0.01302   0.49996   0.67089
   0.06454   0.02302  15.30579   0.75156   0.41118   0.07991   0.58145   0.75169
   0.06627   0.02434  17.57964   0.83310   0.49404   0.17028   0.66366   0.83325
   0.06792   0.02561  19.78914   0.91496   0.57713   0.25711   0.74614   0.91512
   0.06949   0.02681  21.92989   0.99669   0.66004   0.34404   0.82846   0.99687
   0.07100   0.02796  24.00305   1.07807   0.74255   0.43017   0.91041   1.07826
   0.07244   0.02906  26.00980   1.15893   0.82448   0.51553   0.99181   1.15913
   0.07382   0.03012  27.91072   1.23813   0.90473   0.59898   1.07154   1.23835
   0.07516   0.03114  29.75467   1.31661   0.98421   0.68148   1.15052   1.31684
   0.07644   0.03212  31.54961   1.39451   1.06306   0.76318   1.22890   1.39474
   0.07769   0.03307  33.24040   1.47023   1.13970   0.84253   1.30508   1.47047
   0.07889   0.03398  34.88622   1.54522   1.21559   0.92099   1.38053   1.54548
   0.08005   0.03487  36.46742   1.61890   1.29013   0.99798   1.45464   1.61916
   0.08118   0.03572  37.97787   1.69094   1.36301   1.07319   1.52710   1.69121
   0.08227   0.03656  39.44775   1.76219   1.43506   1.14748   1.59875   1.76246
   0.05798   0.01761   3.36036   0.36575   0.02033   0.00000   0.19305   0.36583
   0.06075   0.01977   5.56892   0.43071   0.08743   0.00000   0.25910   0.43082
   0.06328   0.02174   7.80566   0.50014   0.15880   0.00000   0.32951   0.50028
   0.06561   0.02355  10.00588   0.57194   0.23238   0.00000   0.40221   0.57211
   0.06777   0.02523  12.15107   0.64494   0.30701   0.01198   0.47604   0.64513
   0.06979   0.02680  14.23879   0.71856   0.38216   0.07324   0.55043   0.71877
   0.07170   0.02829  16.26010   0.79246   0.45749   0.15566   0.62506   0.79270
   0.07351   0.02970  18.21065   0.86628   0.53266   0.23443   0.69955   0.86652
   0.07524   0.03104  20.08899   0.93964   0.60731   0.31292   0.77357   0.93990
   0.07689   0.03232  21.89804   1.01237   0.68128   0.39035   0.84692   1.01264
   0.07847   0.03355  23.63921   1.08434   0.75443   0.46677   0.91948   1.08463
   0.07999   0.03472  25.28024   1.15461   0.82582   0.54123   0.99031   1.15490
   0.08145   0.03585  26.86481   1.22398   0.89628   0.61457   1.06023   1.22429
   0.08286   0.03693  28.40063   1.29261   0.96595   0.68697   1.12938   1.29293
   0.08422   0.03798  29.83987   1.35910   1.03344   0.75705   1.19637   1.35942
   0.08553   0.03899  31.23586   1.42478   1.10010   0.82616   1.26254   1.42511
   0.08680   0.03996  32.57190   1.48916   1.16542   0.89382   1.32739   1.48950
   0.08804   0.04090  33.84204   1.55192   1.22909   0.95972   1.39061   1.55226
   0.08923   0.04182  35.07362   1.61383   1.29188   1.02464   1.45296   1.61418
   0.07336   0.02960   3.23483   0.35086   0.01735   0.00000   0.18411   0.35087
   0.07718   0.03275   4.99325   0.40372   0.07307   0.00000   0.23843   0.40377
   0.08065   0.03559   6.69714   0.45836   0.13027   0.00000   0.29437   0.45843
   0.08382   0.03817   8.31234   0.51335   0.18760   0.00000   0.35054   0.51343
   0.08676   0.04055   9.83809   0.56798   0.24438   0.00909   0.40626   0.56808
   0.08951   0.04275  11.28245   0.62197   0.30038   0.05502   0.46126   0.62210
   0.09209   0.04482  12.64645   0.67521   0.35549   0.11600   0.51545   0.67535
   0.09453   0.04676  13.93307   0.72751   0.40957   0.17325   0.56864   0.72766
   0.09684   0.04860  15.14629   0.77872   0.46246   0.22945   0.62070   0.77888
   0.09905   0.05035  16.29228   0.82880   0.51413   0.28413   0.67158   0.82897
   0.10116   0.05201  17.37546   0.87772   0.56458   0.33741   0.72127   0.87790
   0.10318   0.05359  18.37695   0.92488   0.61320   0.38868   0.76917   0.92507
   0.10512   0.05509  19.32887   0.97094   0.66065   0.43863   0.81592   0.97113
   0.10698   0.05654  20.23840   1.01602   0.70708   0.48742   0.86168   1.01622
   0.10877   0.05792  21.07541   1.05922   0.75158   0.53415   0.90553   1.05943
   0.11049   0.05925  21.87688   1.10151   0.79512   0.57981   0.94845   1.10173
   0.11216   0.06053  22.63304   1.14258   0.83739   0.62410   0.99012   1.14280
   0.11377   0.06176  23.34122   1.18225   0.87822   0.66686   1.03037   1.18248
   0.11533   0.06295  24.02008   1.22107   0.91817   0.70864   1.06976   1.22130
   0.09536   0.04928   3.09663   0.33075   0.01450   0.00001   0.17263   0.33081
   0.10070   0.05367   4.43702   0.37225   0.05974   0.00002   0.21602   0.37233
   0.10550   0.05758   5.67431   0.41361   0.10445   0.00002   0.25907   0.41371
   0.10986   0.06109   6.79987   0.45401   0.14788   0.00002   0.30100   0.45413
   0.11386   0.06428   7.82535   0.49312   0.18977   0.00672   0.34151   0.49325
   0.11758   0.06721   8.76484   0.53092   0.23014   0.04014   0.38060   0.53106
   0.12107   0.06993   9.62727   0.56742   0.26906   0.08387   0.41833   0.56758
   0.12435   0.07246  10.41858   0.60261   0.30653   0.12410   0.45466   0.60279
   0.12744   0.07484  11.14566   0.63649   0.34254   0.16296   0.48962   0.63667
   0.13037   0.07708  11.81706   0.66912   0.37720   0.20021   0.52327   0.66931
   0.13316   0.07919  12.43672   0.70052   0.41053   0.23596   0.55563   0.70071
   0.13580   0.08117  12.99685   0.73036   0.44220   0.26992   0.58639   0.73056
   0.13832   0.08306  13.51814   0.75911   0.47271   0.30257   0.61602   0.75932
   0.14074   0.08486  14.00673   0.78692   0.50221   0.33409   0.64468   0.78714
   0.14306   0.08657  14.44570   0.81320   0.53011   0.36390   0.67177   0.81341
   0.14528   0.08821  14.85890   0.83866   0.55712   0.39274   0.69801   0.83887
   0.14742   0.08977  15.24092   0.86313   0.58309   0.42043   0.72323   0.86334
   0.14947   0.09126  15.59162   0.88649   0.60790   0.44689   0.74732   0.88671
   0.15146   0.09270  15.92292   0.90914   0.63194   0.47250   0.77067   0.90937
   0.11284   0.06598   3.00536   0.31596   0.01288   0.00001   0.16442   0.31597
   0.11932   0.07117   4.11730   0.35112   0.05237   0.00002   0.20177   0.35116
   0.12512   0.07572   5.11199   0.38536   0.09049   0.00002   0.23796   0.38543
   0.13036   0.07978   5.99292   0.41816   0.12677   0.00003   0.27252   0.41824
   0.13514   0.08344   6.77586   0.44939   0.16119   0.00553   0.30535   0.44949
   0.13955   0.08677   7.47835   0.47913   0.19386   0.03278   0.33656   0.47923
   0.14365   0.08984   8.10987   0.50746   0.22494   0.06812   0.36627   0.50758
   0.14750   0.09270   8.67813   0.53445   0.25451   0.10024   0.39456   0.53457
   0.15112   0.09535   9.19144   0.56013   0.28262   0.13093   0.42146   0.56025
   0.15454   0.09782   9.65715   0.58458   0.30936   0.16003   0.44706   0.58472
   0.15777   0.10016  10.07936   0.60788   0.33485   0.18774   0.47147   0.60803
   0.16082   0.10233  10.45379   0.62978   0.35882   0.21377   0.49440   0.62993
   0.16372   0.10440  10.79701   0.65071   0.38172   0.23863   0.51632   0.65087
   0.16650   0.10636  11.11424   0.67080   0.40370   0.26245   0.53736   0.67096
   0.16914   0.10820  11.39333   0.68961   0.42433   0.28480   0.55707   0.68977
   0.17167   0.10995  11.65232   0.70771   0.44416   0.30628   0.57604   0.70787
   0.17409   0.11163  11.88743   0.72496   0.46308   0.32677   0.59412   0.72511
   0.17642   0.11321  12.09953   0.74128   0.48101   0.34619   0.61125   0.74144
   0.17866   0.11474  12.29744   0.75699   0.49828   0.36489   0.62775   0.75716
   0.12828   0.08081   2.93342   0.30373   0.01175   0.00001   0.15774   0.30376
   0.13570   0.08654   3.89053   0.33453   0.04733   0.00002   0.19094   0.33459
   0.14230   0.09151   4.72641   0.36401   0.08105   0.00002   0.22256   0.36409
   0.14822   0.09592   5.45107   0.39182   0.11268   0.00003   0.25230   0.39192
   0.15361   0.09986   6.08283   0.41795   0.14229   0.00476   0.28017   0.41806
   0.15854   0.10343   6.63979   0.44255   0.17009   0.02811   0.30638   0.44267
   0.16312   0.10670   7.13214   0.46573   0.19626   0.05818   0.33107   0.46587
   0.16739   0.10972   7.56798   0.48761   0.22093   0.08524   0.35434   0.48774
   0.17140   0.11252   7.95559   0.50823   0.24418   0.11089   0.37628   0.50836
   0.17517   0.11511   8.30206   0.52769   0.26612   0.13503   0.39698   0.52783
   0.17872   0.11754   8.61142   0.54609   0.28688   0.15785   0.41657   0.54624
   0.18205   0.11980   8.88095   0.56323   0.30624   0.17914   0.43482   0.56338
   0.18522   0.12193   9.12451   0.57949   0.32463   0.19934   0.45214   0.57964
   0.18824   0.12395   9.34666   0.59500   0.34217   0.21860   0.46867   0.59515
   0.19110   0.12582   9.53799   0.60940   0.35851   0.23655   0.48404   0.60955
   0.19383   0.12761   9.71318   0.62317   0.37415   0.25370   0.49874   0.62332
   0.19644   0.12931   9.86941   0.63620   0.38897   0.26999   0.51267   0.63636
   0.19893   0.13091  10.00748   0.64845   0.40294   0.28534   0.52578   0.64860
   0.20133   0.13244  10.13455   0.66018   0.41633   0.30005   0.53834   0.66034
   0.14242   0.09430   2.87231   0.29320   0.01090   0.00002   0.15205   0.29321
   0.15064   0.10037   3.71389   0.32071   0.04354   0.00003   0.18213   0.32075
   0.15789   0.10563   4.43425   0.34664   0.07400   0.00004   0.21036   0.34672
   0.16437   0.11026   5.04740   0.37081   0.10225   0.00004   0.23658   0.37090
   0.17024   0.11436   5.57299   0.39327   0.12841   0.00425   0.26090   0.39337
   0.17560   0.11806   6.02986   0.41419   0.15275   0.02481   0.28353   0.41431
   0.18055   0.12143   6.42765   0.43375   0.17546   0.05114   0.30467   0.43386
   0.18515   0.12453   6.77413   0.45203   0.19670   0.07467   0.32443   0.45215
   0.18945   0.12737   7.07770   0.46913   0.21659   0.09682   0.34293   0.46927
   0.19346   0.13001   7.34515   0.48518   0.23525   0.11756   0.36029   0.48530
   0.19723   0.13247   7.58083   0.50022   0.25276   0.13700   0.37657   0.50034
   0.20077   0.13474   7.78235   0.51411   0.26901   0.15506   0.39163   0.51423
   0.20413   0.13687   7.96200   0.52720   0.28434   0.17210   0.40584   0.52732
   0.20732   0.13888   8.12376   0.53961   0.29888   0.18825   0.41932   0.53973
   0.21033   0.14075   8.25976   0.55105   0.31236   0.20326   0.43178   0.55119
   0.21319   0.14252   8.38282   0.56193   0.32519   0.21753   0.44364   0.56207
   0.21591   0.14419   8.49078   0.57217   0.33730   0.23101   0.45482   0.57229
   0.21851   0.14576   8.58341   0.58172   0.34865   0.24365   0.46526   0.58184
   0.22102   0.14726   8.66699   0.59081   0.35948   0.25573   0.47523   0.59094
   0.20339   0.14875   2.63800   0.25382   0.00827   0.00002   0.13105   0.25384
   0.21406   0.15530   3.14790   0.27162   0.03218   0.00003   0.15190   0.27163
   0.22337   0.16076   3.55241   0.28750   0.05345   0.00003   0.17051   0.28751
   0.23146   0.16541   3.87235   0.30159   0.07234   0.00003   0.18698   0.30163
   0.23865   0.16944   4.12777   0.31413   0.08921   0.00276   0.20170   0.31415
   0.24511   0.17297   4.33537   0.32536   0.10441   0.01598   0.21492   0.32540
   0.25097   0.17609   4.50393   0.33549   0.11818   0.03257   0.22687   0.33553
   0.25633   0.17890   4.64050   0.34460   0.13070   0.04697   0.23769   0.34466
   0.26125   0.18141   4.75057   0.35283   0.14211   0.06022   0.24751   0.35290
   0.26579   0.18369   4.83946   0.36030   0.15255   0.07236   0.25648   0.36036
   0.27000   0.18576   4.91174   0.36712   0.16218   0.08355   0.26470   0.36717
   0.27388   0.18762   4.96468   0.37314   0.17084   0.09370   0.27205   0.37321
   0.27748   0.18934   5.00716   0.37867   0.17887   0.10312   0.27882   0.37874
   0.28086   0.19092   5.04149   0.38378   0.18636   0.11191   0.28513   0.38385
   0.28401   0.19234   5.06337   0.38827   0.19312   0.11989   0.29075   0.38832
   0.28698   0.19367   5.07932   0.39244   0.19946   0.12737   0.29600   0.39248
   0.28977   0.19491   5.08819   0.39625   0.20533   0.13434   0.30084   0.39628
   0.29238   0.19602   5.09094   0.39966   0.21072   0.14076   0.30523   0.39971
   0.29487   0.19705   5.09065   0.40283   0.21578   0.14681   0.30935   0.40291
   0.30264   0.22170   2.29769   0.20366   0.00565  -0.00011   0.10457   0.20350
   0.31450   0.22634   2.52620   0.21271   0.02154  -0.00010   0.11704   0.21253
   0.32438   0.22992   2.68370   0.22007   0.03487  -0.00010   0.12740   0.21996
   0.33271   0.23269   2.78938   0.22608   0.04615  -0.00011   0.13605   0.22594
   0.33980   0.23489   2.85928   0.23100   0.05578   0.00149   0.14331   0.23088
   0.34595   0.23665   2.90402   0.23504   0.06408   0.00906   0.14950   0.23494
   0.35130   0.23809   2.92967   0.23843   0.07135   0.01837   0.15483   0.23826
   0.35606   0.23922   2.94088   0.24118   0.07773   0.02622   0.15938   0.24105
   0.36028   0.24009   2.94132   0.24343   0.08333   0.03323   0.16331   0.24332
   0.36399   0.24082   2.93380   0.24529   0.08828   0.03948   0.16674   0.24516
   0.36732   0.24141   2.92048   0.24682   0.09270   0.04508   0.16969   0.24664
   0.37029   0.24180   2.90020   0.24791   0.09654   0.05002   0.17216   0.24776
   0.37299   0.24206   2.87726   0.24878   0.10000   0.05451   0.17433   0.24865
   0.37546   0.24224   2.85268   0.24949   0.10315   0.05862   0.17626   0.24937
   0.37756   0.24235   2.82434   0.24994   0.10584   0.06220   0.17781   0.24979
   0.37951   0.24240   2.79551   0.25025   0.10831   0.06551   0.17920   0.25010
   0.38131   0.24237   2.76560   0.25037   0.11053   0.06856   0.18039   0.25028
   0.38292   0.24227   2.73444   0.25035   0.11250   0.07130   0.18137   0.25027
   0.38440   0.24213   2.70346   0.25027   0.11432   0.07384   0.18224   0.25018
   0.38419   0.26734   2.02580   0.16912   0.00429   0.00000   0.08669   0.16913
   0.39447   0.26896   2.12146   0.17372   0.01593  -0.00002   0.09481   0.17365
   0.40262   0.26975   2.17094   0.17708   0.02532   0.00002   0.10117   0.17700
   0.40908   0.27002   2.18931   0.17939   0.03300   0.00002   0.10618   0.17932
   0.41435   0.26988   2.18805   0.18096   0.03930   0.00108   0.11014   0.18096
   0.41858   0.26955   2.17430   0.18206   0.04459   0.00612   0.11334   0.18203
   0.42207   0.26897   2.15190   0.18270   0.04909   0.01224   0.11590   0.18267
   0.42496   0.26820   2.12353   0.18299   0.05292   0.01725   0.11797   0.18299
   0.42737   0.26732   2.09140   0.18300   0.05619   0.02165   0.11963   0.18302
   0.42934   0.26638   2.05710   0.18280   0.05903   0.02551   0.12094   0.18283
   0.43092   0.26541   2.02161   0.18249   0.06151   0.02894   0.12199   0.18243
   0.43220   0.26428   1.98419   0.18188   0.06358   0.03186   0.12274   0.18187
   0.43322   0.26316   1.94708   0.18119   0.06538   0.03446   0.12331   0.18122
   0.43403   0.26206   1.91076   0.18046   0.06695   0.03680   0.12375   0.18051
   0.43456   0.26088   1.87389   0.17961   0.06828   0.03887   0.12398   0.17964
   0.43498   0.25969   1.83821   0.17875   0.06948   0.04074   0.12413   0.17874
   0.43528   0.25847   1.80326   0.17784   0.07054   0.04239   0.12418   0.17780
   0.43541   0.25727   1.76895   0.17685   0.07141   0.04384   0.12412   0.17683
   0.43546   0.25610   1.73594   0.17584   0.07215   0.04515   0.12401   0.17588
   0.45157   0.29597   1.79157   0.14242   0.00340   0.00006   0.07292   0.14231
   0.45875   0.29435   1.81095   0.14430   0.01226   0.00007   0.07830   0.14422
   0.46389   0.29228   1.80248   0.14526   0.01916   0.00008   0.08224   0.14527
   0.46744   0.29007   1.77685   0.14555   0.02467   0.00008   0.08517   0.14559
   0.46988   0.28777   1.74226   0.14546   0.02905   0.00087   0.08729   0.14543
   0.47160   0.28534   1.70264   0.14497   0.03267   0.00443   0.08887   0.14498
   0.47264   0.28288   1.66042   0.14425   0.03566   0.00870   0.09002   0.14426
   0.47317   0.28041   1.61709   0.14335   0.03814   0.01215   0.09081   0.14336
   0.47328   0.27799   1.57370   0.14234   0.04020   0.01514   0.09132   0.14234
   0.47304   0.27561   1.53103   0.14124   0.04193   0.01773   0.09163   0.14125
   0.47254   0.27327   1.48956   0.14009   0.04338   0.01997   0.09179   0.14013
   0.47192   0.27085   1.44864   0.13878   0.04459   0.02184   0.09174   0.13886
   0.47106   0.26850   1.40954   0.13749   0.04562   0.02348   0.09161   0.13758
   0.47006   0.26622   1.37233   0.13625   0.04650   0.02494   0.09141   0.13632
   0.46888   0.26403   1.33589   0.13491   0.04717   0.02622   0.09112   0.13498
   0.46767   0.26186   1.30138   0.13360   0.04775   0.02736   0.09078   0.13367
   0.46641   0.25968   1.26838   0.13228   0.04823   0.02835   0.09037   0.13238
   0.46500   0.25759   1.23664   0.13099   0.04863   0.02919   0.08990   0.13104
   0.46354   0.25559   1.20649   0.12975   0.04896   0.02994   0.08941   0.12972
   0.50658   0.31252   1.58458   0.12043   0.00271   0.00006   0.06158   0.12036
   0.50958   0.30787   1.55765   0.12057   0.00952   0.00006   0.06509   0.12058
   0.51092   0.30325   1.51588   0.12018   0.01481   0.00010   0.06749   0.12010
   0.51097   0.29886   1.46704   0.11930   0.01881   0.00008   0.06908   0.11924
   0.51033   0.29447   1.41582   0.11818   0.02203   0.00063   0.07012   0.11809
   0.50907   0.29027   1.36475   0.11692   0.02457   0.00329   0.07075   0.11679
   0.50745   0.28617   1.31464   0.11546   0.02660   0.00640   0.07107   0.11545
   0.50545   0.28221   1.26633   0.11398   0.02825   0.00884   0.07117   0.11403
   0.50317   0.27844   1.22022   0.11249   0.02959   0.01091   0.07108   0.11256
   0.50074   0.27484   1.17645   0.11096   0.03068   0.01267   0.07086   0.11110
   0.49817   0.27140   1.13503   0.10949   0.03159   0.01423   0.07060   0.10951
   0.49553   0.26793   1.09548   0.10796   0.03233   0.01546   0.07018   0.10790
   0.49274   0.26467   1.05837   0.10648   0.03292   0.01657   0.06971   0.10640
   0.48991   0.26160   1.02361   0.10504   0.03340   0.01757   0.06921   0.10499
   0.48713   0.25848   0.99036   0.10352   0.03375   0.01838   0.06867   0.10355
   0.48434   0.25550   0.95920   0.10207   0.03403   0.01910   0.06812   0.10217
   0.48151   0.25263   0.92977   0.10069   0.03424   0.01973   0.06752   0.10083
   0.47862   0.24990   0.90189   0.09935   0.03440   0.02023   0.06692   0.09943
   0.47577   0.24729   0.87567   0.09806   0.03454   0.02066   0.06633   0.09803
   0.55912   0.32098   1.35778   0.09761   0.00206   0.00005   0.04985   0.09749
   0.55643   0.31285   1.29678   0.09635   0.00719   0.00010   0.05186   0.09646
   0.55252   0.30552   1.23313   0.09504   0.01092   0.00007   0.05297   0.09497
   0.54819   0.29850   1.17024   0.09328   0.01382   0.00003   0.05363   0.09331
   0.54341   0.29203   1.11064   0.09151   0.01596   0.00044   0.05382   0.09167
   0.53839   0.28603   1.05502   0.08983   0.01767   0.00231   0.05381   0.08982
   0.53327   0.28037   1.00320   0.08808   0.01899   0.00445   0.05357   0.08809
   0.52808   0.27502   0.95510   0.08633   0.01998   0.00612   0.05323   0.08641
   0.52293   0.26996   0.91053   0.08465   0.02080   0.00753   0.05280   0.08466
   0.51783   0.26515   0.86932   0.08301   0.02149   0.00871   0.05229   0.08294
   0.51273   0.26065   0.83132   0.08146   0.02198   0.00965   0.05176   0.08129
   0.50775   0.25623   0.79587   0.07984   0.02232   0.01047   0.05114   0.07979
   0.50287   0.25204   0.76305   0.07827   0.02260   0.01118   0.05051   0.07834
   0.49811   0.24808   0.73267   0.07676   0.02282   0.01181   0.04987   0.07695
   0.49332   0.24430   0.70422   0.07536   0.02296   0.01229   0.04926   0.07548
   0.48869   0.24069   0.67787   0.07403   0.02306   0.01272   0.04865   0.07408
   0.48415   0.23721   0.65329   0.07275   0.02311   0.01308   0.04803   0.07274
   0.47971   0.23386   0.63024   0.07149   0.02312   0.01336   0.04743   0.07142
   0.47541   0.23065   0.60872   0.07026   0.02313   0.01359   0.04687   0.07014
   0.59556   0.31939   1.16063   0.07858   0.00162   0.00014   0.04021   0.07860
   0.58685   0.30848   1.08190   0.07669   0.00544   0.00015   0.04117   0.07690
   0.57779   0.29883   1.00837   0.07482   0.00819   0.00018   0.04157   0.07495
   0.56881   0.29004   0.94110   0.07292   0.01019   0.00013   0.04158   0.07293
   0.56008   0.28197   0.88035   0.07093   0.01174   0.00044   0.04137   0.07099
   0.55159   0.27455   0.82571   0.06907   0.01286   0.00173   0.04101   0.06912
   0.54330   0.26767   0.77628   0.06728   0.01372   0.00321   0.04053   0.06731
   0.53523   0.26128   0.73153   0.06555   0.01438   0.00437   0.03999   0.06553
   0.52748   0.25524   0.69102   0.06385   0.01488   0.00532   0.03942   0.06386
   0.52002   0.24959   0.65425   0.06220   0.01524   0.00610   0.03882   0.06233
   0.51276   0.24434   0.62075   0.06069   0.01556   0.00677   0.03815   0.06084
   0.50570   0.23931   0.58999   0.05923   0.01573   0.00727   0.03753   0.05933
   0.49886   0.23461   0.56194   0.05788   0.01584   0.00771   0.03693   0.05789
   0.49227   0.23019   0.53628   0.05661   0.01591   0.00811   0.03634   0.05653
   0.48597   0.22583   0.51248   0.05526   0.01596   0.00844   0.03573   0.05530
   0.47988   0.22175   0.49065   0.05402   0.01597   0.00872   0.03513   0.05412
   0.47393   0.21791   0.47052   0.05287   0.01594   0.00895   0.03454   0.05297
   0.46813   0.21422   0.45173   0.05177   0.01589   0.00911   0.03396   0.05188
   0.46255   0.21070   0.43429   0.05073   0.01584   0.00922   0.03339   0.05084
   0.61759   0.31075   0.98875   0.06277   0.00117   0.00000   0.03206   0.06283
   0.60293   0.29773   0.90226   0.06072   0.00408   0.00005   0.03248   0.06071
   0.58922   0.28615   0.82620   0.05852   0.00617   0.00006   0.03246   0.05866
   0.57609   0.27587   0.75967   0.05656   0.00761   0.00008   0.03221   0.05664
   0.56357   0.26676   0.70148   0.05467   0.00869   0.00026   0.03177   0.05467
   0.55190   0.25833   0.65048   0.05281   0.00947   0.00123   0.03126   0.05294
   0.54088   0.25054   0.60535   0.05110   0.01005   0.00230   0.03071   0.05123
   0.53029   0.24345   0.56527   0.04953   0.01049   0.00316   0.03014   0.04954
   0.52022   0.23690   0.52951   0.04801   0.01080   0.00389   0.02955   0.04799
   0.51072   0.23072   0.49746   0.04651   0.01099   0.00445   0.02895   0.04664
   0.50171   0.22487   0.46866   0.04513   0.01114   0.00484   0.02833   0.04537
   0.49297   0.21950   0.44270   0.04383   0.01130   0.00525   0.02775   0.04398
   0.48462   0.21443   0.41912   0.04261   0.01135   0.00554   0.02719   0.04276
   0.47667   0.20965   0.39767   0.04147   0.01134   0.00574   0.02665   0.04167
   0.46886   0.20525   0.37808   0.04047   0.01134   0.00589   0.02604   0.04053
   0.46152   0.20100   0.36021   0.03946   0.01131   0.00604   0.02551   0.03949
   0.45460   0.19685   0.34382   0.03843   0.01126   0.00620   0.02504   0.03852
   0.44785   0.19294   0.32869   0.03749   0.01119   0.00628   0.02454   0.03762
   0.44136   0.18926   0.31475   0.03661   0.01112   0.00632   0.02404   0.03677
   0.62689   0.29712   0.83920   0.04966   0.00089   0.00003   0.02530   0.04965
   0.60695   0.28237   0.75124   0.04749   0.00308   0.00005   0.02529   0.04762
   0.58852   0.26977   0.67715   0.04559   0.00460  -0.00008   0.02504   0.04550
   0.57185   0.25845   0.61412   0.04361   0.00566   0.00012   0.02466   0.04363
   0.55620   0.24853   0.56052   0.04194   0.00641   0.00024   0.02416   0.04181
   0.54189   0.23948   0.51441   0.04029   0.00691   0.00090   0.02362   0.04023
   0.52856   0.23119   0.47447   0.03870   0.00735   0.00171   0.02305   0.03871
   0.51590   0.22367   0.43938   0.03726   0.00765   0.00227   0.02247   0.03732
   0.50388   0.21685   0.40838   0.03596   0.00779   0.00275   0.02193   0.03601
   0.49260   0.21054   0.38102   0.03479   0.00788   0.00318   0.02140   0.03472
   0.48214   0.20445   0.35675   0.03366   0.00800   0.00337   0.02080   0.03360
   0.47215   0.19883   0.33495   0.03249   0.00808   0.00359   0.02029   0.03253
   0.46263   0.19363   0.31538   0.03146   0.00807   0.00377   0.01981   0.03152
   0.45360   0.18880   0.29774   0.03055   0.00800   0.00391   0.01934   0.03056
   0.44487   0.18425   0.28177   0.02969   0.00796   0.00413   0.01885   0.02968
   0.43666   0.17995   0.26726   0.02884   0.00792   0.00427   0.01839   0.02885
   0.42891   0.17585   0.25401   0.02799   0.00788   0.00431   0.01796   0.02806
   0.42139   0.17199   0.24190   0.02725   0.00783   0.00437   0.01757   0.02725
   0.41419   0.16837   0.23081   0.02660   0.00778   0.00443   0.01722   0.02646
   0.62534   0.27977   0.70920   0.03883   0.00063   0.00003   0.01971   0.03880
   0.60054   0.26409   0.62384   0.03682   0.00231   0.00009   0.01956   0.03684
   0.57838   0.25065   0.55412   0.03507   0.00340   0.00014   0.01926   0.03491
   0.55843   0.23886   0.49642   0.03333   0.00423   0.00006   0.01880   0.03321
   0.54021   0.22857   0.44812   0.03185   0.00480   0.00021   0.01828   0.03157
   0.52376   0.21911   0.40738   0.03033   0.00518   0.00070   0.01776   0.03025
   0.50837   0.21073   0.37250   0.02903   0.00540   0.00127   0.01724   0.02899
   0.49405   0.20311   0.34226   0.02788   0.00556   0.00167   0.01674   0.02775
   0.48076   0.19605   0.31592   0.02684   0.00568   0.00202   0.01626   0.02658
   0.46839   0.18955   0.29285   0.02583   0.00575   0.00228   0.01577   0.02558
   0.45679   0.18356   0.27244   0.02481   0.00579   0.00243   0.01525   0.02472
   0.44585   0.17791   0.25438   0.02388   0.00581   0.00259   0.01480   0.02388
   0.43543   0.17281   0.23833   0.02308   0.00582   0.00269   0.01441   0.02300
   0.42555   0.16814   0.22399   0.02236   0.00580   0.00275   0.01405   0.02213
   0.41631   0.16359   0.21109   0.02161   0.00571   0.00285   0.01362   0.02151
   0.40757   0.15933   0.19945   0.02093   0.00564   0.00292   0.01322   0.02088
   0.39924   0.15532   0.18887   0.02032   0.00559   0.00295   0.01285   0.02022
   0.39132   0.15154   0.17922   0.01970   0.00554   0.00300   0.01253   0.01961
   0.38382   0.14800   0.17041   0.01910   0.00549   0.00304   0.01225   0.01903
   0.61423   0.26028   0.59642   0.02994   0.00049   0.00006   0.01523   0.02988
   0.58559   0.24385   0.51608   0.02818   0.00175   0.00015   0.01500   0.02811
   0.56028   0.23004   0.45216   0.02656   0.00266   0.00014   0.01462   0.02646
   0.53780   0.21802   0.40026   0.02511   0.00322   0.00008   0.01416   0.02502
   0.51768   0.20742   0.35765   0.02376   0.00354   0.00018   0.01368   0.02384
   0.49952   0.19792   0.32218   0.02248   0.00382   0.00059   0.01316   0.02280
   0.48264   0.18962   0.29197   0.02149   0.00401   0.00089   0.01274   0.02160
   0.46713   0.18205   0.26640   0.02057   0.00415   0.00122   0.01238   0.02049
   0.45280   0.17513   0.24437   0.01969   0.00417   0.00150   0.01194   0.01962
   0.43948   0.16883   0.22505   0.01890   0.00413   0.00164   0.01148   0.01887
   0.42717   0.16297   0.20816   0.01810   0.00420   0.00174   0.01108   0.01811
   0.41550   0.15756   0.19347   0.01743   0.00422   0.00185   0.01075   0.01734
   0.40448   0.15267   0.18040   0.01683   0.00415   0.00193   0.01041   0.01668
   0.39412   0.14820   0.16874   0.01629   0.00402   0.00197   0.01008   0.01611
   0.38449   0.14380   0.15846   0.01569   0.00404   0.00201   0.00982   0.01545
   0.37548   0.13969   0.14915   0.01511   0.00404   0.00205   0.00956   0.01489
   0.36700   0.13581   0.14064   0.01454   0.00402   0.00208   0.00927   0.01443
   0.35897   0.13212   0.13307   0.01400   0.00393   0.00210   0.00900   0.01405
   0.35137   0.12865   0.12626   0.01348   0.00382   0.00212   0.00874   0.01372
   0.59534   0.23939   0.49902   0.02282   0.00042   0.00018   0.01168   0.02250
   0.56379   0.22244   0.42506   0.02112   0.00140   0.00008   0.01138   0.02121
   0.53589   0.20867   0.36764   0.01984   0.00205   0.00002   0.01098   0.01982
   0.51144   0.19677   0.32171   0.01871   0.00241   0.00012   0.01057   0.01869
   0.48959   0.18650   0.28472   0.01768   0.00266   0.00011   0.01015   0.01760
   0.47013   0.17734   0.25413   0.01671   0.00281   0.00038   0.00978   0.01663
   0.45250   0.16908   0.22862   0.01579   0.00295   0.00070   0.00939   0.01579
   0.43618   0.16174   0.20716   0.01506   0.00299   0.00093   0.00899   0.01504
   0.42117   0.15513   0.18875   0.01438   0.00302   0.00105   0.00867   0.01429
   0.40746   0.14898   0.17286   0.01367   0.00303   0.00113   0.00840   0.01364
   0.39478   0.14329   0.15924   0.01304   0.00299   0.00124   0.00806   0.01314
   0.38281   0.13816   0.14722   0.01255   0.00297   0.00127   0.00775   0.01258
   0.37166   0.13345   0.13668   0.01206   0.00294   0.00136   0.00748   0.01204
   0.36127   0.12909   0.12737   0.01157   0.00292   0.00147   0.00725   0.01154
   0.35167   0.12498   0.11910   0.01103   0.00288   0.00145   0.00701   0.01110
   0.34263   0.12114   0.11170   0.01055   0.00286   0.00146   0.00680   0.01072
   0.33404   0.11755   0.10502   0.01014   0.00285   0.00148   0.00662   0.01039
   0.32579   0.11416   0.09899   0.00979   0.00278   0.00150   0.00643   0.01009
   0.31796   0.11098   0.09354   0.00949   0.00270   0.00153   0.00623   0.00982
   0.57038   0.21745   0.41500   0.01696   0.00040   0.00009   0.00872   0.01694
   0.53597   0.20103   0.34829   0.01565   0.00108   0.00011   0.00847   0.01582
   0.50635   0.18752   0.29731   0.01465   0.00146   0.00016   0.00811   0.01477
   0.48055   0.17599   0.25749   0.01377   0.00185   0.00011   0.00786   0.01355
   0.45790   0.16586   0.22562   0.01285   0.00201   0.00012   0.00748   0.01286
   0.43781   0.15692   0.19976   0.01202   0.00212   0.00032   0.00713   0.01223
   0.41956   0.14909   0.17854   0.01132   0.00220   0.00047   0.00688   0.01152
   0.40281   0.14215   0.16077   0.01078   0.00221   0.00064   0.00659   0.01090
   0.38761   0.13577   0.14558   0.01024   0.00218   0.00076   0.00628   0.01043
   0.37382   0.12996   0.13253   0.00971   0.00216   0.00082   0.00601   0.00994
   0.36111   0.12480   0.12123   0.00919   0.00216   0.00096   0.00580   0.00940
   0.34910   0.11997   0.11168   0.00874   0.00215   0.00095   0.00556   0.00903
   0.33795   0.11555   0.10328   0.00837   0.00213   0.00097   0.00537   0.00860
   0.32761   0.11149   0.09586   0.00804   0.00210   0.00103   0.00520   0.00817
   0.31794   0.10758   0.08933   0.00772   0.00207   0.00104   0.00503   0.00792
   0.30891   0.10400   0.08348   0.00741   0.00204   0.00106   0.00486   0.00765
   0.30042   0.10071   0.07819   0.00712   0.00202   0.00109   0.00468   0.00734
   0.29250   0.09759   0.07352   0.00680   0.00198   0.00109   0.00450   0.00711
   0.28508   0.09465   0.06934   0.00648   0.00193   0.00106   0.00434   0.00692
   0.53982   0.19616   0.34313   0.01276   0.00017  -0.00011   0.00637   0.01246
   0.50377   0.18025   0.28390   0.01176   0.00074  -0.00002   0.00609   0.01152
   0.47323   0.16705   0.23944   0.01085   0.00114  -0.00005   0.00586   0.01062
   0.44688   0.15581   0.20518   0.01008   0.00132  -0.00008   0.00561   0.00991
   0.42362   0.14638   0.17825   0.00947   0.00142   0.00001   0.00536   0.00922
   0.40324   0.13798   0.15677   0.00883   0.00148   0.00015   0.00509   0.00870
   0.38490   0.13062   0.13904   0.00821   0.00155   0.00028   0.00488   0.00821
   0.36823   0.12401   0.12423   0.00777   0.00161   0.00036   0.00467   0.00772
   0.35316   0.11804   0.11188   0.00736   0.00160   0.00050   0.00446   0.00734
   0.33947   0.11270   0.10147   0.00690   0.00156   0.00061   0.00428   0.00707
   0.32678   0.10788   0.09258   0.00656   0.00156   0.00058   0.00407   0.00666
   0.31508   0.10333   0.08484   0.00612   0.00155   0.00061   0.00390   0.00641
   0.30423   0.09923   0.07811   0.00587   0.00150   0.00064   0.00374   0.00610
   0.29415   0.09551   0.07221   0.00574   0.00142   0.00067   0.00359   0.00577
   0.28473   0.09200   0.06703   0.00541   0.00142   0.00068   0.00346   0.00563
   0.27593   0.08879   0.06243   0.00518   0.00141   0.00068   0.00333   0.00539
   0.26765   0.08583   0.05834   0.00505   0.00141   0.00069   0.00322   0.00504
   0.25998   0.08300   0.05470   0.00484   0.00138   0.00069   0.00310   0.00485
   0.25283   0.08032   0.05144   0.00460   0.00133   0.00068   0.00298   0.00475
   0.50564   0.17447   0.28121   0.00901   0.00030   0.00011   0.00477   0.00900
   0.46853   0.15947   0.22961   0.00830   0.00064   0.00013   0.00454   0.00828
   0.43760   0.14689   0.19140   0.00759   0.00092   0.00013   0.00431   0.00767
   0.41080   0.13659   0.16242   0.00713   0.00101   0.00008   0.00412   0.00702
   0.38776   0.12762   0.13990   0.00656   0.00108   0.00010   0.00394   0.00656
   0.36746   0.11983   0.12194   0.00611   0.00115   0.00018   0.00371   0.00617
   0.34933   0.11291   0.10749   0.00566   0.00118   0.00031   0.00351   0.00597
   0.33311   0.10679   0.09551   0.00524   0.00119   0.00041   0.00333   0.00565
   0.31841   0.10138   0.08554   0.00495   0.00115   0.00043   0.00317   0.00522
   0.30496   0.09650   0.07721   0.00473   0.00110   0.00047   0.00302   0.00493
   0.29273   0.09203   0.07003   0.00455   0.00112   0.00057   0.00289   0.00463
   0.28131   0.08802   0.06391   0.00426   0.00107   0.00049   0.00271   0.00445
   0.27084   0.08429   0.05862   0.00406   0.00105   0.00046   0.00260   0.00424
   0.26123   0.08084   0.05401   0.00391   0.00105   0.00047   0.00252   0.00403
   0.25230   0.07778   0.04995   0.00367   0.00104   0.00050   0.00242   0.00386
   0.24400   0.07490   0.04638   0.00349   0.00101   0.00052   0.00232   0.00369
   0.23622   0.07216   0.04322   0.00335   0.00096   0.00053   0.00220   0.00353
   0.22881   0.06966   0.04042   0.00330   0.00094   0.00050   0.00210   0.00336
   0.22182   0.06735   0.03791   0.00329   0.00094   0.00044   0.00201   0.00319
   0.46841   0.15439   0.22920   0.00661   0.00010  -0.00009   0.00336   0.00641
   0.43142   0.14002   0.18482   0.00595   0.00041  -0.00004   0.00312   0.00598
   0.40037   0.12846   0.15226   0.00553   0.00057  -0.00001   0.00304   0.00538
   0.37425   0.11870   0.12804   0.00497   0.00072  -0.00002   0.00286   0.00501
   0.35158   0.11039   0.10930   0.00458   0.00081   0.00003   0.00270   0.00476
   0.33180   0.10323   0.09469   0.00419   0.00079   0.00009   0.00255   0.00443
   0.31419   0.09693   0.08287   0.00393   0.00079   0.00019   0.00243   0.00413
   0.29834   0.09139   0.07319   0.00376   0.00083   0.00021   0.00228   0.00385
   0.28417   0.08645   0.06518   0.00352   0.00084   0.00021   0.00216   0.00364
   0.27138   0.08204   0.05847   0.00328   0.00082   0.00024   0.00210   0.00341
   0.25953   0.07812   0.05285   0.00328   0.00081   0.00027   0.00200   0.00306
   0.24888   0.07448   0.04807   0.00299   0.00077   0.00029   0.00185   0.00295
   0.23906   0.07111   0.04391   0.00281   0.00074   0.00032   0.00175   0.00285
   0.22998   0.06801   0.04029   0.00270   0.00071   0.00035   0.00170   0.00276
   0.22152   0.06524   0.03716   0.00258   0.00068   0.00033   0.00164   0.00261
   0.21365   0.06268   0.03441   0.00248   0.00066   0.00030   0.00157   0.00248
   0.20629   0.06030   0.03197   0.00241   0.00067   0.00028   0.00148   0.00236
   0.19948   0.05807   0.02982   0.00231   0.00066   0.00030   0.00142   0.00228
   0.19317   0.05599   0.02790   0.00220   0.00065   0.00034   0.00137   0.00222
   0.42958   0.13472   0.18513   0.00441   0.00012   0.00002   0.00241   0.00465
   0.39290   0.12161   0.14710   0.00409   0.00032   0.00005   0.00229   0.00412
   0.36258   0.11093   0.12004   0.00379   0.00047   0.00001   0.00223   0.00376
   0.33696   0.10200   0.10001   0.00347   0.00052   0.00003   0.00207   0.00344
   0.31532   0.09448   0.08478   0.00308   0.00061   0.00003   0.00190   0.00325
   0.29625   0.08797   0.07277   0.00291   0.00063   0.00011   0.00173   0.00302
   0.27936   0.08231   0.06323   0.00278   0.00058   0.00018   0.00165   0.00280
   0.26432   0.07737   0.05554   0.00261   0.00056   0.00018   0.00157   0.00260
   0.25078   0.07296   0.04924   0.00250   0.00053   0.00016   0.00148   0.00243
   0.23866   0.06898   0.04401   0.00237   0.00050   0.00016   0.00138   0.00229
   0.22798   0.06535   0.03954   0.00216   0.00054   0.00020   0.00134   0.00217
   0.21793   0.06218   0.03581   0.00199   0.00051   0.00023   0.00128   0.00207
   0.20878   0.05928   0.03260   0.00187   0.00049   0.00025   0.00123   0.00195
   0.20041   0.05662   0.02981   0.00178   0.00049   0.00025   0.00117   0.00182
   0.19252   0.05416   0.02740   0.00170   0.00047   0.00024   0.00107   0.00177
   0.18519   0.05191   0.02530   0.00168   0.00044   0.00022   0.00100   0.00168
   0.17833   0.04982   0.02347   0.00170   0.00041   0.00021   0.00098   0.00155
   0.17206   0.04789   0.02185   0.00165   0.00039   0.00020   0.00093   0.00146
   0.16628   0.04610   0.02041   0.00157   0.00039   0.00020   0.00088   0.00139
   0.38999   0.11667   0.14838   0.00300   0.00012   0.00008   0.00162   0.00311
   0.35446   0.10457   0.11647   0.00276   0.00026   0.00009   0.00155   0.00295
   0.32527   0.09486   0.09408   0.00247   0.00034   0.00000   0.00138   0.00263
   0.30099   0.08682   0.07764   0.00232   0.00035   0.00002   0.00134   0.00243
   0.27998   0.08008   0.06523   0.00213   0.00034   0.00004   0.00121   0.00232
   0.26194   0.07433   0.05564   0.00202   0.00032   0.00004   0.00112   0.00216
   0.24616   0.06927   0.04809   0.00190   0.00033   0.00007   0.00105   0.00199
   0.23211   0.06487   0.04197   0.00183   0.00035   0.00010   0.00102   0.00178
   0.21962   0.06100   0.03699   0.00174   0.00034   0.00011   0.00097   0.00164
   0.20843   0.05754   0.03290   0.00159   0.00034   0.00011   0.00090   0.00157
   0.19840   0.05443   0.02950   0.00139   0.00035   0.00012   0.00084   0.00147
   0.18914   0.05163   0.02660   0.00138   0.00031   0.00012   0.00082   0.00125
   0.18053   0.04906   0.02412   0.00141   0.00030   0.00012   0.00079   0.00115
   0.17258   0.04671   0.02199   0.00146   0.00032   0.00013   0.00074   0.00113
   0.16548   0.04459   0.02017   0.00133   0.00029   0.00011   0.00067   0.00111
   0.15901   0.04264   0.01857   0.00121   0.00028   0.00010   0.00063   0.00106
   0.15309   0.04083   0.01717   0.00109   0.00028   0.00009   0.00061   0.00100
   0.14742   0.03918   0.01594   0.00106   0.00028   0.00010   0.00060   0.00096
   0.14207   0.03766   0.01485   0.00107   0.00029   0.00013   0.00059   0.00094
   0.35013   0.09987   0.11775   0.00200   0.00009   0.00000   0.00109   0.00221
   0.31588   0.08894   0.09112   0.00186   0.00018   0.00002   0.00108   0.00202
   0.28834   0.08020   0.07267   0.00169   0.00021   0.00001   0.00095   0.00185
   0.26535   0.07305   0.05939   0.00152   0.00026  -0.00006   0.00090   0.00164
   0.24571   0.06704   0.04944   0.00149   0.00028  -0.00002   0.00085   0.00146
   0.22904   0.06187   0.04191   0.00133   0.00029   0.00003   0.00081   0.00135
   0.21441   0.05747   0.03592   0.00124   0.00029   0.00005   0.00075   0.00127
   0.20153   0.05363   0.03120   0.00111   0.00026   0.00006   0.00070   0.00113
   0.18991   0.05023   0.02738   0.00109   0.00025   0.00008   0.00066   0.00101
   0.17951   0.04718   0.02419   0.00107   0.00026   0.00008   0.00063   0.00096
   0.17032   0.04446   0.02156   0.00103   0.00021   0.00003   0.00056   0.00084
   0.16185   0.04205   0.01938   0.00097   0.00025   0.00006   0.00054   0.00081
   0.15414   0.03988   0.01752   0.00092   0.00024   0.00008   0.00052   0.00077
   0.14711   0.03791   0.01592   0.00088   0.00022   0.00010   0.00050   0.00074
   0.14067   0.03610   0.01456   0.00087   0.00022   0.00009   0.00047   0.00065
   0.13485   0.03443   0.01337   0.00079   0.00021   0.00009   0.00045   0.00064
   0.12956   0.03288   0.01232   0.00062   0.00020   0.00010   0.00042   0.00070
   0.12453   0.03147   0.01141   0.00057   0.00019   0.00011   0.00041   0.00067
   0.11982   0.03019   0.01061   0.00058   0.00018   0.00013   0.00041   0.00059
   0.31124   0.08458   0.09254   0.00129   0.00001  -0.00001   0.00072   0.00151
   0.27903   0.07491   0.07080   0.00127   0.00012  -0.00003   0.00065   0.00126
   0.25311   0.06717   0.05584   0.00114   0.00012  -0.00004   0.00061   0.00116
   0.23188   0.06082   0.04518   0.00102   0.00012  -0.00004   0.00052   0.00108
   0.21360   0.05558   0.03736   0.00111   0.00016  -0.00002   0.00053   0.00093
   0.19836   0.05116   0.03141   0.00090   0.00016  -0.00001   0.00051   0.00088
   0.18490   0.04734   0.02678   0.00089   0.00017   0.00001   0.00049   0.00076
   0.17299   0.04401   0.02314   0.00094   0.00018   0.00002   0.00043   0.00064
   0.16256   0.04109   0.02019   0.00084   0.00017   0.00001   0.00039   0.00061
   0.15339   0.03852   0.01776   0.00069   0.00015   0.00001   0.00037   0.00059
   0.14510   0.03619   0.01577   0.00066   0.00017   0.00005   0.00036   0.00055
   0.13751   0.03412   0.01412   0.00058   0.00017   0.00004   0.00033   0.00052
   0.13062   0.03227   0.01272   0.00057   0.00016   0.00003   0.00032   0.00048
   0.12437   0.03061   0.01153   0.00058   0.00015   0.00004   0.00031   0.00043
   0.11880   0.02903   0.01052   0.00050   0.00015   0.00005   0.00030   0.00039
   0.11365   0.02761   0.00964   0.00043   0.00015   0.00006   0.00029   0.00038
   0.10883   0.02633   0.00887   0.00037   0.00015   0.00006   0.00028   0.00040
   0.10437   0.02516   0.00819   0.00035   0.00014   0.00005   0.00026   0.00038
   0.10025   0.02407   0.00759   0.00034   0.00012   0.00005   0.00025   0.00034
   0.27326   0.07070   0.07180   0.00086   0.00006   0.00000   0.00045   0.00100
   0.24339   0.06224   0.05426   0.00079   0.00001  -0.00005   0.00042   0.00087
   0.21990   0.05546   0.04238   0.00056   0.00004  -0.00002   0.00037   0.00084
   0.20020   0.05006   0.03394   0.00067   0.00009  -0.00005   0.00034   0.00061
   0.18355   0.04550   0.02785   0.00079   0.00008  -0.00004   0.00032   0.00057
   0.16963   0.04169   0.02327   0.00065   0.00006  -0.00004   0.00027   0.00055
   0.15763   0.03844   0.01970   0.00054   0.00007  -0.00003   0.00025   0.00050
   0.14713   0.03559   0.01691   0.00048   0.00011  -0.00001   0.00025   0.00045
   0.13779   0.03310   0.01468   0.00048   0.00011   0.00001   0.00025   0.00039
   0.12939   0.03095   0.01287   0.00049   0.00008   0.00000   0.00023   0.00033
   0.12185   0.02904   0.01138   0.00052   0.00007  -0.00002   0.00020   0.00032
   0.11532   0.02727   0.01015   0.00039   0.00009   0.00000   0.00021   0.00037
   0.10936   0.02572   0.00912   0.00033   0.00009   0.00001   0.00020   0.00034
   0.10391   0.02434   0.00824   0.00030   0.00008   0.00003   0.00019   0.00029
   0.09888   0.02304   0.00749   0.00031   0.00010   0.00003   0.00021   0.00031
   0.09427   0.02187   0.00684   0.00030   0.00010   0.00003   0.00020   0.00031
   0.09002   0.02081   0.00628   0.00028   0.00008   0.00002   0.00017   0.00029
   0.08619   0.01984   0.00579   0.00022   0.00007   0.00003   0.00015   0.00028
   0.08270   0.01895   0.00536   0.00016   0.00007   0.00004   0.00014   0.00026
   0.23711   0.05849   0.05512   0.00056  -0.00005  -0.00006   0.00024   0.00060
   0.20980   0.05103   0.04103   0.00064  -0.00001  -0.00007   0.00026   0.00054
   0.18800   0.04525   0.03160   0.00065  -0.00001  -0.00008   0.00022   0.00040
   0.17049   0.04054   0.02511   0.00054   0.00004  -0.00005   0.00020   0.00034
   0.15591   0.03671   0.02042   0.00037   0.00007  -0.00005   0.00021   0.00035
   0.14341   0.03348   0.01690   0.00039   0.00008  -0.00001   0.00022   0.00033
   0.13272   0.03074   0.01424   0.00030   0.00009  -0.00001   0.00019   0.00031
   0.12338   0.02838   0.01216   0.00024   0.00009  -0.00002   0.00017   0.00029
   0.11505   0.02630   0.01050   0.00028   0.00010   0.00001   0.00017   0.00028
   0.10776   0.02446   0.00916   0.00027   0.00010   0.00001   0.00016   0.00026
   0.10131   0.02286   0.00807   0.00019   0.00005  -0.00002   0.00014   0.00027
   0.09551   0.02145   0.00717   0.00017   0.00006   0.00002   0.00015   0.00026
   0.09029   0.02017   0.00642   0.00014   0.00008   0.00004   0.00015   0.00024
   0.08558   0.01900   0.00578   0.00011   0.00009   0.00004   0.00014   0.00021
   0.08125   0.01797   0.00524   0.00009   0.00008   0.00004   0.00014   0.00019
   0.07726   0.01704   0.00477   0.00011   0.00008   0.00004   0.00014   0.00018
   0.07353   0.01618   0.00437   0.00016   0.00008   0.00004   0.00013   0.00016
   0.07022   0.01538   0.00402   0.00013   0.00007   0.00004   0.00012   0.00016
   0.06724   0.01465   0.00371   0.00007   0.00006   0.00003   0.00011   0.00016
   0.20310   0.04755   0.04156   0.00039   0.00000  -0.00003   0.00018   0.00034
   0.17846   0.04117   0.03051   0.00038  -0.00002  -0.00006   0.00014   0.00034
   0.15891   0.03628   0.02325   0.00043   0.00004  -0.00003   0.00014   0.00032
   0.14341   0.03236   0.01828   0.00027   0.00006  -0.00006   0.00013   0.00025
   0.13041   0.02914   0.01472   0.00023   0.00008  -0.00004   0.00015   0.00018
   0.11941   0.02646   0.01211   0.00021   0.00007  -0.00002   0.00015   0.00018
   0.11003   0.02418   0.01014   0.00018   0.00006  -0.00001   0.00014   0.00017
   0.10185   0.02223   0.00860   0.00016   0.00005   0.00000   0.00014   0.00018
   0.09467   0.02054   0.00739   0.00015   0.00006   0.00002   0.00013   0.00017
   0.08836   0.01906   0.00642   0.00015   0.00007   0.00002   0.00011   0.00015
   0.08281   0.01775   0.00563   0.00015   0.00007   0.00004   0.00010   0.00014
   0.07777   0.01659   0.00499   0.00012   0.00008   0.00003   0.00010   0.00015
   0.07329   0.01555   0.00445   0.00009   0.00008   0.00003   0.00010   0.00013
   0.06929   0.01462   0.00399   0.00007   0.00007   0.00003   0.00010   0.00011
   0.06561   0.01376   0.00361   0.00007   0.00007   0.00003   0.00010   0.00010
   0.06227   0.01299   0.00328   0.00006   0.00006   0.00003   0.00009   0.00010
   0.05923   0.01232   0.00300   0.00003   0.00006   0.00003   0.00009   0.00011
   0.05642   0.01169   0.00275   0.00003   0.00006   0.00003   0.00008   0.00009
   0.05382   0.01111   0.00254   0.00004   0.00005   0.00002   0.00008   0.00007
   0.17186   0.03817   0.03100   0.00032  -0.00007  -0.00011   0.00003   0.00019
   0.15006   0.03291   0.02245   0.00024  -0.00003  -0.00007   0.00005   0.00023
   0.13281   0.02879   0.01693   0.00031  -0.00001  -0.00010   0.00005   0.00012
   0.11928   0.02552   0.01320   0.00012   0.00000  -0.00007   0.00006   0.00017
   0.10781   0.02290   0.01056   0.00017   0.00002  -0.00004   0.00008   0.00015
   0.09828   0.02069   0.00862   0.00016   0.00002  -0.00004   0.00006   0.00012
   0.09017   0.01885   0.00717   0.00012   0.00002  -0.00005   0.00005   0.00010
   0.08315   0.01726   0.00605   0.00013   0.00003  -0.00003   0.00005   0.00009
   0.07707   0.01588   0.00518   0.00013   0.00002  -0.00002   0.00005   0.00007
   0.07177   0.01469   0.00448   0.00009   0.00002  -0.00002   0.00005   0.00006
   0.06697   0.01364   0.00392   0.00010   0.00004   0.00001   0.00006   0.00008
   0.06277   0.01271   0.00346   0.00005   0.00005   0.00001   0.00007   0.00009
   0.05902   0.01188   0.00307   0.00003   0.00005   0.00001   0.00006   0.00009
   0.05564   0.01114   0.00276   0.00001   0.00004   0.00001   0.00006   0.00009
   0.05249   0.01048   0.00248   0.00003   0.00003   0.00001   0.00004   0.00008
   0.04967   0.00988   0.00225   0.00004   0.00003   0.00001   0.00004   0.00007
   0.04715   0.00932   0.00205   0.00003   0.00003   0.00001   0.00004   0.00005
   0.04480   0.00882   0.00188   0.00004   0.00003   0.00001   0.00004   0.00005
   0.04263   0.00837   0.00173   0.00004   0.00003   0.00001   0.00004   0.00006
   0.14290   0.03000   0.02260   0.00013  -0.00004  -0.00003   0.00004   0.00016
   0.12394   0.02568   0.01617   0.00017  -0.00002  -0.00003   0.00005   0.00012
   0.10912   0.02238   0.01211   0.00014  -0.00003  -0.00003   0.00001   0.00012
   0.09734   0.01978   0.00935   0.00017   0.00000  -0.00001   0.00003   0.00007
   0.08765   0.01764   0.00743   0.00013   0.00002   0.00000   0.00004   0.00011
   0.07961   0.01589   0.00603   0.00010   0.00001  -0.00001   0.00003   0.00010
   0.07279   0.01441   0.00499   0.00006   0.00001  -0.00001   0.00003   0.00009
   0.06685   0.01316   0.00419   0.00007   0.00000  -0.00001   0.00003   0.00007
   0.06174   0.01207   0.00356   0.00007   0.00001  -0.00001   0.00003   0.00005
   0.05730   0.01113   0.00307   0.00005   0.00001  -0.00001   0.00003   0.00004
   0.05330   0.01031   0.00268   0.00006   0.00000  -0.00001   0.00001   0.00005
   0.04978   0.00958   0.00235   0.00007   0.00001   0.00000   0.00002   0.00005
   0.04666   0.00893   0.00209   0.00005   0.00001   0.00000   0.00002   0.00005
   0.04389   0.00836   0.00186   0.00002   0.00001  -0.00001   0.00002   0.00005
   0.04132   0.00784   0.00168   0.00004   0.00001   0.00000   0.00002   0.00005
   0.03901   0.00737   0.00152   0.00004   0.00001   0.00000   0.00002   0.00005
   0.03692   0.00695   0.00138   0.00003   0.00000  -0.00001   0.00001   0.00004
   0.03501   0.00656   0.00126   0.00003   0.00000  -0.00001   0.00001   0.00004
   0.03327   0.00621   0.00116   0.00003   0.00001   0.00000   0.00002   0.00003
   0.09392   0.01751   0.01129   0.00004   0.00000  -0.00001   0.00001   0.00006
   0.08028   0.01476   0.00785   0.00001   0.00000  -0.00001   0.00001   0.00004
   0.06974   0.01268   0.00572   0.00003   0.00000  -0.00001   0.00001   0.00002
   0.06147   0.01106   0.00432   0.00002   0.00001  -0.00001   0.00002   0.00000
   0.05476   0.00977   0.00337   0.00002   0.00000  -0.00001   0.00001   0.00001
   0.04920   0.00871   0.00270   0.00003   0.00001   0.00000   0.00001   0.00001
   0.04458   0.00782   0.00220   0.00001   0.00001   0.00000   0.00002   0.00001
   0.04063   0.00708   0.00183   0.00000   0.00001   0.00000   0.00002   0.00001
   0.03720   0.00644   0.00154   0.00000   0.00001   0.00000   0.00001   0.00001
   0.03423   0.00589   0.00131   0.00000   0.00001   0.00000   0.00001   0.00001
   0.03165   0.00541   0.00113   0.00000   0.00001   0.00000   0.00001   0.00001
   0.02936   0.00500   0.00099   0.00000   0.00001   0.00000   0.00001   0.00002
   0.02732   0.00464   0.00087   0.00001   0.00001   0.00000   0.00001   0.00001
   0.02549   0.00431   0.00078   0.00002   0.00001   0.00000   0.00001   0.00001
   0.02387   0.00402   0.00069   0.00002   0.00001   0.00001   0.00001   0.00001
   0.02242   0.00376   0.00063   0.00001   0.00001   0.00001   0.00001   0.00001
   0.02112   0.00353   0.00057   0.00000   0.00001   0.00000   0.00001   0.00001
   0.01994   0.00331   0.00052  -0.00001   0.00001   0.00000   0.00001   0.00001
   0.01886   0.00312   0.00047  -0.00001   0.00000   0.00000   0.00001   0.00001
   0.05694   0.00929   0.00511   0.00001  -0.00001  -0.00002  -0.00002   0.00002
   0.04783   0.00771   0.00343   0.00002  -0.00001  -0.00002   0.00000  -0.00001
   0.04090   0.00653   0.00244   0.00005   0.00000  -0.00001   0.00001   0.00001
   0.03566   0.00562   0.00181  -0.00002   0.00000  -0.00001   0.00000   0.00002
   0.03139   0.00490   0.00138  -0.00001   0.00000  -0.00001   0.00000   0.00002
   0.02790   0.00433   0.00109   0.00001   0.00001   0.00000   0.00001   0.00001
   0.02499   0.00385   0.00088   0.00002   0.00000   0.00000   0.00001   0.00000
   0.02257   0.00345   0.00072   0.00001   0.00000   0.00000   0.00000   0.00000
   0.02050   0.00311   0.00060   0.00000   0.00000   0.00000   0.00000   0.00000
   0.01871   0.00282   0.00051  -0.00001   0.00000  -0.00001   0.00000   0.00001
   0.01715   0.00258   0.00043   0.00000   0.00000   0.00000   0.00000   0.00000
   0.01580   0.00236   0.00038   0.00001   0.00000   0.00000   0.00000   0.00000
   0.01461   0.00217   0.00033   0.00000   0.00000   0.00000   0.00000   0.00000
   0.01356   0.00201   0.00029   0.00000   0.00000   0.00000   0.00000   0.00000
   0.01262   0.00186   0.00026   0.00000   0.00000   0.00000   0.00000   0.00000
   0.01178   0.00173   0.00023   0.00000   0.00000   0.00000   0.00000   0.00000
   0.01102   0.00161   0.00021   0.00000   0.00000   0.00000   0.00000   0.00000
   0.01035   0.00150   0.00019   0.00000   0.00000   0.00000   0.00000   0.00000
   0.00974   0.00141   0.00017  -0.00001   0.00000   0.00000   0.00001   0.00000
   0.03072   0.00431   0.00199   0.00001  -0.00001   0.00000  -0.00001   0.00000
   0.02536   0.00350   0.00130   0.00001  -0.00001   0.00000   0.00000   0.00001
   0.02139   0.00293   0.00089   0.00000   0.00000   0.00000   0.00000   0.00001
   0.01834   0.00248   0.00065   0.00000   0.00000   0.00000   0.00000   0.00000
   0.01594   0.00214   0.00049   0.00000   0.00000   0.00000   0.00000   0.00000
   0.01401   0.00187   0.00038   0.00000   0.00000   0.00000   0.00000   0.00000
   0.01243   0.00164   0.00030   0.00000   0.00000   0.00000   0.00000   0.00000
   0.01110   0.00146   0.00024   0.00000   0.00000   0.00000   0.00000   0.00000
   0.00998   0.00130   0.00020   0.00000   0.00000   0.00000   0.00000   0.00000
   0.00903   0.00117   0.00017   0.00000   0.00000   0.00000   0.00000   0.00000
   0.00821   0.00106   0.00014   0.00000   0.00000   0.00000   0.00000   0.00000
   0.00751   0.00096   0.00012   0.00000   0.00000   0.00000   0.00000   0.00000
   0.00689   0.00088   0.00011   0.00000   0.00000   0.00000   0.00000   0.00000
   0.00634   0.00081   0.00009   0.00000   0.00000   0.00000   0.00000   0.00000
   0.00586   0.00074   0.00008   0.00000   0.00000   0.00000   0.00000   0.00000
   0.00544   0.00069   0.00008   0.00000   0.00000   0.00000   0.00000   0.00000
   0.00506   0.00064   0.00007   0.00000   0.00000   0.00000   0.00000   0.00000
   0.00472   0.00059   0.00006   0.00000   0.00000   0.00000   0.00000   0.00000
   0.00441   0.00055   0.00006   0.00000   0.00000   0.00000   0.00000   0.00000
   0.01416   0.00165   0.00063   0.00000   0.00000   0.00000   0.00000   0.00000
   0.01143   0.00132   0.00039   0.00000   0.00000   0.00000   0.00000   0.00000
   0.00945   0.00108   0.00026   0.00000   0.00000   0.00000   0.00000   0.00000
   0.00796   0.00090   0.00019   0.00000   0.00000   0.00000   0.00000   0.00000
   0.00682   0.00076   0.00014   0.00000   0.00000   0.00000   0.00000   0.00000
   0.00590   0.00065   0.00010   0.00000   0.00000   0.00000   0.00000   0.00000
   0.00516   0.00057   0.00008   0.00000   0.00000   0.00000   0.00000   0.00000
   0.00455   0.00050   0.00007   0.00000   0.00000   0.00000   0.00000   0.00000
   0.00405   0.00044   0.00005   0.00000   0.00000   0.00000   0.00000   0.00000
   0.00363   0.00039   0.00004   0.00000   0.00000   0.00000   0.00000   0.00000
   0.00327   0.00035   0.00004   0.00000   0.00000   0.00000   0.00000   0.00000
   0.00296   0.00032   0.00003   0.00000   0.00000   0.00000   0.00000   0.00000
   0.00269   0.00029   0.00003   0.00000   0.00000   0.00000   0.00000   0.00000
   0.00245   0.00026   0.00002   0.00000   0.00000   0.00000   0.00000   0.00000
   0.00225   0.00024   0.00002   0.00000   0.00000   0.00000   0.00000   0.00000
   0.00207   0.00022   0.00002   0.00000   0.00000   0.00000   0.00000   0.00000
   0.00191   0.00020   0.00002   0.00000   0.00000   0.00000   0.00000   0.00000
   0.00177   0.00018   0.00002   0.00000   0.00000   0.00000   0.00000   0.00000
   0.00164   0.00017   0.00001   0.00000   0.00000   0.00000   0.00000   0.00000
   0.00114   0.00008   0.00002   0.00000   0.00000   0.00000   0.00000   0.00000
   0.00087   0.00006   0.00001   0.00000   0.00000   0.00000   0.00000   0.00000
   0.00068   0.00004   0.00001   0.00000   0.00000   0.00000   0.00000   0.00000
   0.00055   0.00004   0.00001   0.00000   0.00000   0.00000   0.00000   0.00000
   0.00045   0.00003   0.00000   0.00000   0.00000   0.00000   0.00000   0.00000
   0.00037   0.00002   0.00000   0.00000   0.00000   0.00000   0.00000   0.00000
   0.00032   0.00002   0.00000   0.00000   0.00000   0.00000   0.00000   0.00000
   0.00027   0.00002   0.00000   0.00000   0.00000   0.00000   0.00000   0.00000
   0.00023   0.00001   0.00000   0.00000   0.00000   0.00000   0.00000   0.00000
   0.00020   0.00001   0.00000   0.00000   0.00000   0.00000   0.00000   0.00000
   0.00018   0.00001   0.00000   0.00000   0.00000   0.00000   0.00000   0.00000
   0.00016   0.00001   0.00000   0.00000   0.00000   0.00000   0.00000   0.00000
   0.00014   0.00001   0.00000   0.00000   0.00000   0.00000   0.00000   0.00000
   0.00012   0.00001   0.00000   0.00000   0.00000   0.00000   0.00000   0.00000
   0.00011   0.00001   0.00000   0.00000   0.00000   0.00000   0.00000   0.00000
   0.00010   0.00001   0.00000   0.00000   0.00000   0.00000   0.00000   0.00000
   0.00009   0.00001   0.00000   0.00000   0.00000   0.00000   0.00000   0.00000
   0.00008   0.00001   0.00000   0.00000   0.00000   0.00000   0.00000   0.00000
   0.00007   0.00001   0.00000   0.00000   0.00000   0.00000   0.00000   0.00000
